99
1000 531 48
411083 46760 258677 744538 14578 56170 813232 887993 813087 271361 164991 539541 343662 767061 406878 621011 56035 860372 971849 370552 773693 713086 440912 127135 384131 501150 502917 657184 565107 256447 990031 976189 303207 248707 237079 834136 821228 566662 238480 150667 838022 403470 690207 698035 170530 613437 319046 226564
1000 698 34
696208 814801 610942 409800 907063 961633 323516 344086 583785 596232 821955 297202 449449 716111 403229 87481 527086 809701 639404 252718 800061 886764 913676 784905 822467 499193 14323 989355 870659 565020 616688 83218 379820 743981
1000 456 6
596679 740856 670386 401614 829366 758558
3 9 26
1 1 1 100 100 1 1 1 1 1 1 1 1 1 1 1 1 10 11 11 11 11 1 1 1 100
1000 269 94
317342 165533 375970 155024 469522 871016 199265 955193 536590 856942 276262 945080 504779 404576 950683 949171 569572 27016 284550 671733 642524 562886 368242 395016 7923 649130 260681 471923 795806 509301 756316 113147 674833 648637 784523 144354 519652 983787 615898 56242 357081 892159 1321 378211 296734 468355 327381 382658 495371 128282 54390 654246 691168 422632 565613 215442 71761 342645 687364 383918 851945 960031 497065 43129 608668 797939 187482 128319 781725 319731 700912 655157 211890 702232 549719 24975 170587 877100 407632 182309 521733 978374 836554 729252 401005 402166 461046 989117 744810 664761 373034 113106 624792 386450
1000 138 59
915481 833332 469978 158237 388017 218887 389246 443073 873084 887232 453185 614173 325073 657236 688696 686905 69806 73490 25544 943476 874047 239492 923769 413457 989878 505989 85657 487368 377749 576146 347126 293230 409478 333456 967818 797494 552342 357064 756918 941778 760647 210103 72302 85719 867338 760998 772623 453495 350839 314518 396970 741237 554009 837090 154694 60238 859431 756702 547606
1000 187 93
141544 408977 66535 73620 780957 125832 740071 599463 170642 444341 506007 306769 853553 174900 8399 471619 559136 948541 541420 342712 346201 395329 482637 690531 993101 967185 666435 555537 754391 938622 230929 412286 863950 297463 2257 644906 939646 742327 760720 626639 703020 783079 933408 556572 957978 941806 544543 33466 890347 85962 376177 752899 997642 375166 443430 507094 342350 109864 62630 613092 48485 293558 25378 428786 107372 543986 73692 563369 286313 834411 190008 989332 133841 123415 545903 91819 581572 606797 641636 988270 692758 17812 741169 206751 392977 700950 230196 251678 810813 292825 381122 375650 102734
1000 541 66
134750 194094 870153 955177 281943 907551 226485 344285 458801 938976 944686 169964 793571 270911 445944 565029 413559 334873 531068 644344 229370 695689 37113 126451 547705 513113 343690 413617 632925 517582 953082 284026 711676 339586 755554 509970 247137 982039 370607 705937 921014 315292 875900 230937 102554 321843 312317 32465 656716 843384 676808 402437 539072 230272 45239 603129 743384 388928 16745 892660 906510 486178 693038 134537 825764 448591
1000 160 46
597115 763853 36683 38026 407339 420813 55527 910255 77997 620633 166701 584379 113174 986259 349438 866604 336746 170665 433265 575225 837683 787638 978694 527890 485672 665575 657678 804717 892138 647837 611963 5604 928041 164997 559982 335379 585810 615508 761985 180158 236141 445038 280888 865666 947648 630325
1000 301 1
92459
3 2 6
8 2 5 2 4 9
1000 671 52
986796 247143 624809 649102 193305 353748 475075 533678 394049 61561 780191 284401 382077 66879 486604 678616 544965 194757 86943 872469 525029 82562 147867 183753 680991 411856 320012 287651 955036 444034 800203 458183 207528 941363 107285 400832 295111 98711 934509 205511 676623 714700 489911 575052 297930 976514 253667 359246 171270 340609 748067 212650
1000 696 94
993198 472659 705332 249542 996008 50563 404366 310403 838062 828195 230520 598827 711131 237873 716933 140611 956353 220811 513338 883871 858987 80553 184018 518309 829972 877791 55978 438307 314272 640025 856152 823821 112684 77835 73362 625043 128397 477727 451798 966458 305921 682317 81636 533404 436541 798568 190366 392894 535731 703703 793116 394717 300607 977133 429377 130579 854923 1706 85237 685546 158082 941388 509366 270765 19222 582728 895808 663970 576806 863957 630427 399079 546273 712062 448834 982814 26981 639199 892059 79063 342901 685174 990131 643508 178659 419507 290438 33581 937564 375674 719127 95646 833413 744844
1000 523 85
396402 136865 824140 232766 424516 295527 193151 741070 753710 400679 682432 377346 801510 493894 476056 252371 699405 669030 483422 189315 244081 781351 682181 497747 656948 853450 354708 405014 66100 810582 817298 978853 947446 157790 727970 888313 453316 921121 145734 723377 321799 828166 100722 639660 838411 93129 892030 537815 762159 375451 243482 6239 673153 925662 20338 330101 295463 375045 735114 877914 185626 68764 856767 649423 226553 101088 54088 679868 22208 199821 403245 860358 544338 20318 500018 382749 113447 908399 436915 391957 800202 680396 914547 989706 606057
1000 348 36
380495 348953 617361 439979 982654 28946 91657 324793 395049 877029 288584 572159 571821 984162 585469 922174 131739 237842 632073 371893 869508 944025 925657 39428 823301 306366 283230 649163 332173 907578 666798 229019 772882 800511 668998 755535
1000 802 77
559545 153584 229390 588717 937490 863179 324394 163803 923328 422385 238351 721187 931690 921092 347160 845603 892908 922655 596773 828183 650736 333430 509588 505620 69405 796211 618502 763847 548553 26303 788176 108097 696239 17565 696813 633728 397095 21207 313882 320422 959943 552232 557960 407984 989676 421471 253587 398935 860477 366711 227117 511213 700140 253056 533184 769545 565618 151685 49743 114171 177987 837918 738619 874225 371835 435432 24304 768929 972990 338185 605703 449284 406769 680014 857268 396444 617837
1000 221 38
686314 280397 975645 36690 448788 398958 340463 831157 87401 738955 609815 633533 522812 68828 555246 909847 253133 495084 332038 597144 538568 26352 226045 103193 85113 655706 216579 930763 645461 723799 471952 848126 520548 447596 884815 485687 362906 741629
1000 120 85
723310 439614 53733 321446 202864 947949 931320 198922 118189 828270 105314 558449 172912 421243 571612 63661 663280 447226 851651 897625 461213 552727 224782 808131 485130 342202 369736 610972 386425 274855 891757 109734 230820 945489 431179 433683 893437 362498 148956 527978 707119 254269 86426 396383 191864 658037 976395 855143 105263 828045 269119 82827 897123 10252 407309 898604 868805 777044 509576 771581 568250 401332 881314 799069 346820 828844 232751 756609 707694 381706 284586 931164 152327 371011 327546 344190 545399 820292 715684 650661 164689 501154 249839 61811 27757
1000 792 60
371126 579900 140781 289138 551297 190361 450883 458142 513852 924831 21707 159913 142105 725826 48466 400512 816423 96598 678229 571786 5568 198583 678336 969880 687396 566880 320159 497544 643813 440302 673555 14938 20202 330687 304075 87850 521047 271309 545991 551251 196140 84049 711163 854596 809874 275981 255107 142649 372578 449687 714434 894498 648270 392769 380729 852017 959649 217240 865912 119813
1000 843 58
996935 926657 600191 36098 511836 671788 462297 764968 683223 794334 878463 221791 820685 620860 841335 422150 792917 57914 352912 438377 298064 824863 286502 818611 788811 687668 304297 151716 945649 137491 118373 942583 64147 234915 978681 575982 906702 440977 857301 589925 751662 252116 328067 88698 872975 169401 510847 182243 227314 380110 136971 41730 721325 939824 860340 510135 627491 680989
1000 362 30
14665 123192 239363 134263 444277 726613 351785 372159 855499 73928 992798 518548 537239 852891 90925 217851 426828 431332 709275 326294 636508 92701 328493 280886 796913 573500 908452 411954 591981 289165
1000 100 901
1001 1002 1003 1004 1005 1006 1007 1008 1009 1010 1011 1012 1013 1014 1015 1016 1017 1018 1019 1020 1021 1022 1023 1024 1025 1026 1027 1028 1029 1030 1031 1032 1033 1034 1035 1036 1037 1038 1039 1040 1041 1042 1043 1044 1045 1046 1047 1048 1049 1050 1051 1052 1053 1054 1055 1056 1057 1058 1059 1060 1061 1062 1063 1064 1065 1066 1067 1068 1069 1070 1071 1072 1073 1074 1075 1076 1077 1078 1079 1080 1081 1082 1083 1084 1085 1086 1087 1088 1089 1090 1091 1092 1093 1094 1095 1096 1097 1098 1099 1100 1101 1102 1103 1104 1105 1106 1107 1108 1109 1110 1111 1112 1113 1114 1115 1116 1117 1118 1119 1120 1121 1122 1123 1124 1125 1126 1127 1128 1129 1130 1131 1132 1133 1134 1135 1136 1137 1138 1139 1140 1141 1142 1143 1144 1145 1146 1147 1148 1149 1150 1151 1152 1153 1154 1155 1156 1157 1158 1159 1160 1161 1162 1163 1164 1165 1166 1167 1168 1169 1170 1171 1172 1173 1174 1175 1176 1177 1178 1179 1180 1181 1182 1183 1184 1185 1186 1187 1188 1189 1190 1191 1192 1193 1194 1195 1196 1197 1198 1199 1200 1201 1202 1203 1204 1205 1206 1207 1208 1209 1210 1211 1212 1213 1214 1215 1216 1217 1218 1219 1220 1221 1222 1223 1224 1225 1226 1227 1228 1229 1230 1231 1232 1233 1234 1235 1236 1237 1238 1239 1240 1241 1242 1243 1244 1245 1246 1247 1248 1249 1250 1251 1252 1253 1254 1255 1256 1257 1258 1259 1260 1261 1262 1263 1264 1265 1266 1267 1268 1269 1270 1271 1272 1273 1274 1275 1276 1277 1278 1279 1280 1281 1282 1283 1284 1285 1286 1287 1288 1289 1290 1291 1292 1293 1294 1295 1296 1297 1298 1299 1300 1301 1302 1303 1304 1305 1306 1307 1308 1309 1310 1311 1312 1313 1314 1315 1316 1317 1318 1319 1320 1321 1322 1323 1324 1325 1326 1327 1328 1329 1330 1331 1332 1333 1334 1335 1336 1337 1338 1339 1340 1341 1342 1343 1344 1345 1346 1347 1348 1349 1350 1351 1352 1353 1354 1355 1356 1357 1358 1359 1360 1361 1362 1363 1364 1365 1366 1367 1368 1369 1370 1371 1372 1373 1374 1375 1376 1377 1378 1379 1380 1381 1382 1383 1384 1385 1386 1387 1388 1389 1390 1391 1392 1393 1394 1395 1396 1397 1398 1399 1400 1401 1402 1403 1404 1405 1406 1407 1408 1409 1410 1411 1412 1413 1414 1415 1416 1417 1418 1419 1420 1421 1422 1423 1424 1425 1426 1427 1428 1429 1430 1431 1432 1433 1434 1435 1436 1437 1438 1439 1440 1441 1442 1443 1444 1445 1446 1447 1448 1449 1450 1451 1452 1453 1454 1455 1456 1457 1458 1459 1460 1461 1462 1463 1464 1465 1466 1467 1468 1469 1470 1471 1472 1473 1474 1475 1476 1477 1478 1479 1480 1481 1482 1483 1484 1485 1486 1487 1488 1489 1490 1491 1492 1493 1494 1495 1496 1497 1498 1499 1500 1501 1502 1503 1504 1505 1506 1507 1508 1509 1510 1511 1512 1513 1514 1515 1516 1517 1518 1519 1520 1521 1522 1523 1524 1525 1526 1527 1528 1529 1530 1531 1532 1533 1534 1535 1536 1537 1538 1539 1540 1541 1542 1543 1544 1545 1546 1547 1548 1549 1550 1551 1552 1553 1554 1555 1556 1557 1558 1559 1560 1561 1562 1563 1564 1565 1566 1567 1568 1569 1570 1571 1572 1573 1574 1575 1576 1577 1578 1579 1580 1581 1582 1583 1584 1585 1586 1587 1588 1589 1590 1591 1592 1593 1594 1595 1596 1597 1598 1599 1600 1601 1602 1603 1604 1605 1606 1607 1608 1609 1610 1611 1612 1613 1614 1615 1616 1617 1618 1619 1620 1621 1622 1623 1624 1625 1626 1627 1628 1629 1630 1631 1632 1633 1634 1635 1636 1637 1638 1639 1640 1641 1642 1643 1644 1645 1646 1647 1648 1649 1650 1651 1652 1653 1654 1655 1656 1657 1658 1659 1660 1661 1662 1663 1664 1665 1666 1667 1668 1669 1670 1671 1672 1673 1674 1675 1676 1677 1678 1679 1680 1681 1682 1683 1684 1685 1686 1687 1688 1689 1690 1691 1692 1693 1694 1695 1696 1697 1698 1699 1700 1701 1702 1703 1704 1705 1706 1707 1708 1709 1710 1711 1712 1713 1714 1715 1716 1717 1718 1719 1720 1721 1722 1723 1724 1725 1726 1727 1728 1729 1730 1731 1732 1733 1734 1735 1736 1737 1738 1739 1740 1741 1742 1743 1744 1745 1746 1747 1748 1749 1750 1751 1752 1753 1754 1755 1756 1757 1758 1759 1760 1761 1762 1763 1764 1765 1766 1767 1768 1769 1770 1771 1772 1773 1774 1775 1776 1777 1778 1779 1780 1781 1782 1783 1784 1785 1786 1787 1788 1789 1790 1791 1792 1793 1794 1795 1796 1797 1798 1799 1800 1801 1802 1803 1804 1805 1806 1807 1808 1809 1810 1811 1812 1813 1814 1815 1816 1817 1818 1819 1820 1821 1822 1823 1824 1825 1826 1827 1828 1829 1830 1831 1832 1833 1834 1835 1836 1837 1838 1839 1840 1841 1842 1843 1844 1845 1846 1847 1848 1849 1850 1851 1852 1853 1854 1855 1856 1857 1858 1859 1860 1861 1862 1863 1864 1865 1866 1867 1868 1869 1870 1871 1872 1873 1874 1875 1876 1877 1878 1879 1880 1881 1882 1883 1884 1885 1886 1887 1888 1889 1890 1891 1892 1893 1894 1895 1896 1897 1898 1899 1900 1901
1000 880 55
765711 143493 110564 791693 851905 676804 405396 961935 601343 339811 428944 205341 138374 960541 706458 434751 203939 682503 564430 973949 824286 889568 588166 513302 31483 465584 617914 628792 401393 539145 871946 683455 682637 982510 475147 50893 175665 396894 529179 777007 736704 958123 982347 391429 435015 688804 342532 638953 887659 906961 129254 228296 312881 717419 741597
1000 252 92
524944 873829 174187 243298 21561 105925 410317 461329 603874 211033 80496 995578 989633 457164 617682 978154 725642 634874 677747 168471 141667 116170 442799 98477 706334 499167 524347 632732 889070 290599 993876 930365 164427 168062 173662 702339 273987 100331 163667 394212 827715 760515 906141 333699 217678 523823 311852 459671 675048 989599 628142 333066 105768 70940 947894 328453 86459 472241 477536 491880 762839 471411 422244 443617 639473 112258 145955 429811 212588 825973 824022 40302 586487 246514 374000 804165 286688 202204 780187 478087 708154 408328 811153 813921 995620 275398 658725 82078 747638 136260 90309 26828
1000 460 79
554558 520850 517240 920637 997634 655809 889477 311350 499945 759958 57701 542352 648179 121409 883592 674386 719417 148233 299023 425160 13830 826385 647549 442798 344149 520570 338716 374188 450863 391527 189267 5420 912376 706506 442408 910009 362314 848236 737711 378610 608193 311763 920962 772723 433171 320905 447108 152587 985489 746131 94099 999318 88867 257999 958468 949367 294920 813535 323555 745783 205062 512821 267554 633789 735678 709962 60150 97992 74549 797860 992953 682742 109622 913914 455464 59144 234818 418924 728082
1000 100 999
1001 1000 999 998 997 996 995 994 993 992 991 990 989 988 987 986 985 984 983 982 981 980 979 978 977 976 975 974 973 972 971 970 969 968 967 966 965 964 963 962 961 960 959 958 957 956 955 954 953 952 951 950 949 948 947 946 945 944 943 942 941 940 939 938 937 936 935 934 933 932 931 930 929 928 927 926 925 924 923 922 921 920 919 918 917 916 915 914 913 912 911 910 909 908 907 906 905 904 903 902 901 900 899 898 897 896 895 894 893 892 891 890 889 888 887 886 885 884 883 882 881 880 879 878 877 876 875 874 873 872 871 870 869 868 867 866 865 864 863 862 861 860 859 858 857 856 855 854 853 852 851 850 849 848 847 846 845 844 843 842 841 840 839 838 837 836 835 834 833 832 831 830 829 828 827 826 825 824 823 822 821 820 819 818 817 816 815 814 813 812 811 810 809 808 807 806 805 804 803 802 801 800 799 798 797 796 795 794 793 792 791 790 789 788 787 786 785 784 783 782 781 780 779 778 777 776 775 774 773 772 771 770 769 768 767 766 765 764 763 762 761 760 759 758 757 756 755 754 753 752 751 750 749 748 747 746 745 744 743 742 741 740 739 738 737 736 735 734 733 732 731 730 729 728 727 726 725 724 723 722 721 720 719 718 717 716 715 714 713 712 711 710 709 708 707 706 705 704 703 702 701 700 699 698 697 696 695 694 693 692 691 690 689 688 687 686 685 684 683 682 681 680 679 678 677 676 675 674 673 672 671 670 669 668 667 666 665 664 663 662 661 660 659 658 657 656 655 654 653 652 651 650 649 648 647 646 645 644 643 642 641 640 639 638 637 636 635 634 633 632 631 630 629 628 627 626 625 624 623 622 621 620 619 618 617 616 615 614 613 612 611 610 609 608 607 606 605 604 603 602 601 600 599 598 597 596 595 594 593 592 591 590 589 588 587 586 585 584 583 582 581 580 579 578 577 576 575 574 573 572 571 570 569 568 567 566 565 564 563 562 561 560 559 558 557 556 555 554 553 552 551 550 549 548 547 546 545 544 543 542 541 540 539 538 537 536 535 534 533 532 531 530 529 528 527 526 525 524 523 522 521 520 519 518 517 516 515 514 513 512 511 510 509 508 507 506 505 504 503 502 501 500 499 498 497 496 495 494 493 492 491 490 489 488 487 486 485 484 483 482 481 480 479 478 477 476 475 474 473 472 471 470 469 468 467 466 465 464 463 462 461 460 459 458 457 456 455 454 453 452 451 450 449 448 447 446 445 444 443 442 441 440 439 438 437 436 435 434 433 432 431 430 429 428 427 426 425 424 423 422 421 420 419 418 417 416 415 414 413 412 411 410 409 408 407 406 405 404 403 402 401 400 399 398 397 396 395 394 393 392 391 390 389 388 387 386 385 384 383 382 381 380 379 378 377 376 375 374 373 372 371 370 369 368 367 366 365 364 363 362 361 360 359 358 357 356 355 354 353 352 351 350 349 348 347 346 345 344 343 342 341 340 339 338 337 336 335 334 333 332 331 330 329 328 327 326 325 324 323 322 321 320 319 318 317 316 315 314 313 312 311 310 309 308 307 306 305 304 303 302 301 300 299 298 297 296 295 294 293 292 291 290 289 288 287 286 285 284 283 282 281 280 279 278 277 276 275 274 273 272 271 270 269 268 267 266 265 264 263 262 261 260 259 258 257 256 255 254 253 252 251 250 249 248 247 246 245 244 243 242 241 240 239 238 237 236 235 234 233 232 231 230 229 228 227 226 225 224 223 222 221 220 219 218 217 216 215 214 213 212 211 210 209 208 207 206 205 204 203 202 201 200 199 198 197 196 195 194 193 192 191 190 189 188 187 186 185 184 183 182 181 180 179 178 177 176 175 174 173 172 171 170 169 168 167 166 165 164 163 162 161 160 159 158 157 156 155 154 153 152 151 150 149 148 147 146 145 144 143 142 141 140 139 138 137 136 135 134 133 132 131 130 129 128 127 126 125 124 123 122 121 120 119 118 117 116 115 114 113 112 111 110 109 108 107 106 105 104 103 102 101 100 99 98 97 96 95 94 93 92 91 90 89 88 87 86 85 84 83 82 81 80 79 78 77 76 75 74 73 72 71 70 69 68 67 66 65 64 63 62 61 60 59 58 57 56 55 54 53 52 51 50 49 48 47 46 45 44 43 42 41 40 39 38 37 36 35 34 33 32 31 30 29 28 27 26 25 24 23 22 21 20 19 18 17 16 15 14 13 12 11 10 9 8 7 6 5 4 3
1000 488 94
371875 914361 685920 806787 586748 356873 256027 453195 956572 309860 552703 90949 923541 850217 865418 524205 13560 787006 464399 27652 729219 75271 774854 84208 857712 474811 822266 630327 855854 943753 942120 227728 858113 628039 550867 961213 501263 806893 414407 974186 116752 483461 65134 556644 850030 446904 80849 379941 750261 61599 923944 479479 136869 698798 80038 510933 173608 902303 141259 29461 846055 83378 773541 220520 711417 324407 181732 212679 647651 112490 186865 764402 112303 768350 837398 962332 731605 918246 858624 481865 496196 782567 477695 633065 997716 557733 143997 687675 460035 285255 233488 822442 884984 7028
1000 202 39
818479 296574 515722 398978 47841 10754 491311 954542 968082 348612 60818 236095 117079 905236 324792 506405 590989 351991 688647 334654 248452 825617 376383 969776 765440 236723 996262 909282 434063 174463 482421 768893 987389 514494 684222 35229 41599 175533 506122
1000 404 59
475527 987941 249784 998170 669338 180482 346799 738658 935966 314468 415934 542010 273206 988832 274605 343847 666371 389443 882165 633741 156583 97883 169700 432422 218886 809132 565166 882059 345628 244922 332069 337506 232862 581852 335675 418551 762334 198826 673561 214651 513293 605846 756661 786499 594677 547617 646697 777399 937060 528861 927492 93642 143095 97191 526063 361981 422674 607580 760391
1000 98 98
721270 613947 707 951518 462577 600022 214378 502928 506588 21072 84198 418729 955733 545573 96454 290395 220190 350539 550837 800991 562005 314222 802169 507601 339499 328091 81171 763724 688110 235621 183421 925731 365919 700479 877248 828495 816853 91625 847775 323440 629048 931972 258520 101132 993896 354974 391526 214085 221864 942363 531427 783868 772936 333596 807820 628786 178038 405342 392509 382499 157314 92282 308229 523233 792760 185477 868079 609612 793453 715853 933051 422501 647825 191571 39984 158072 62896 947862 372157 284759 890224 419935 584978 179511 269882 909149 808297 964271 314490 717157 346769 471804 809438 654998 995036 602198 356826 863114
1000 938 84
250375 668474 36501 785842 978414 535819 103972 449507 398369 68774 820136 414147 701049 377435 409703 168626 757371 331192 144698 612719 975972 294534 949886 413165 67502 994477 607293 299908 284973 136582 621143 535347 805055 657643 837540 299821 709813 941511 265679 108181 526636 85815 522327 227685 979601 448381 396310 736971 295925 57359 866041 271896 351892 332279 201412 935746 326755 808705 235653 128079 461638 373147 179777 783045 30789 17316 82865 740601 475178 864895 365134 1814 467061 887460 229498 446661 335841 142159 699984 148117 199517 566024 936364 67761
1000 762 86
327571 294921 32955 420729 158877 179733 819807 705150 408146 268640 204315 435126 907838 96373 30541 767090 297898 20671 926949 476556 956530 217386 26489 894093 593059 261967 506090 426471 6810 388852 311808 850733 683772 344762 271461 359001 524494 91267 580502 932639 876258 784816 884117 300447 397540 914657 67536 695437 935327 994485 171993 891856 211870 714833 302301 321281 976799 808390 264103 983608 197241 575911 834340 397365 437024 105800 756365 961518 713418 853218 894156 589675 638033 294624 890121 35572 209280 474009 247360 660959 984845 935704 69166 713066 650536 371466
1000 903 97
971086 362508 714439 246730 336882 8990 412461 147450 164515 761777 720771 148182 394393 553168 975154 121667 47717 476863 936207 92127 69416 274211 80208 297397 809416 299209 737981 780894 39926 776235 2790 527363 138743 717228 774092 475624 242569 702904 139426 923436 464681 376548 587969 859073 929715 563123 497091 493784 39985 949649 585910 625752 223859 666117 923148 549626 481678 177480 330519 37955 470067 849661 565317 608809 83240 855760 600784 842161 558664 256561 281948 539696 633108 869916 398768 562823 949390 412210 56606 505726 361859 158867 131477 102069 341336 570977 651695 823013 264808 498565 860967 734874 864577 942635 343682 464169 798394
1000 822 5
877944 877125 547269 596031 416007
1000 907 58
602471 531645 744352 390399 816269 632191 419228 551973 959946 538805 128477 270242 893442 999886 983576 454488 324248 124130 934212 341514 395274 820271 890836 76239 328459 186074 26262 809853 893855 967168 583362 12677 498812 327713 919427 831432 959903 338654 899757 919848 393810 544585 190089 803603 544470 690017 258091 385070 330498 708654 726583 725772 45277 133770 802010 373735 836195 344623
1000 161 78
95319 177564 89130 743143 885486 129114 901214 948381 593327 789722 749491 483550 726009 850820 179412 512242 759968 987708 476513 74457 221217 339633 62612 30654 994630 573999 149203 867807 953465 393716 18085 48783 571279 623566 308277 456764 269031 725842 921496 862357 31916 187338 862258 757924 38157 41670 786517 798124 545729 779381 388932 283297 119014 967896 313951 629995 58246 979505 497802 11710 373220 32238 576844 944498 172155 885120 917613 441186 610962 355460 819894 159229 542797 682152 433504 97305 240173 220020
1000 373 38
576461 300228 231328 273912 698336 160736 410451 859867 154943 679087 18143 772949 598137 246899 377864 93523 996059 170241 896950 390040 923908 828291 799578 496812 374397 242037 875615 271639 234346 13987 701076 810806 830567 932404 601069 45254 609491 527871
1000 654 76
3506 741409 462832 755510 385839 924469 128656 565616 707513 675796 99283 306729 932748 574461 171624 297881 576274 638684 701693 322123 601697 553885 464281 301680 702001 180149 384055 638364 764261 798709 776139 767766 56469 238970 523275 442307 679791 168282 524274 387303 844077 623557 694032 776825 198017 865655 591057 290642 20690 292749 612764 138738 846633 593396 440417 548633 289896 340824 186997 54157 655884 479487 821922 712352 234809 861549 671010 914599 29830 711636 301901 390259 851544 512284 167083 49560
1000 884 6
901520 826280 571272 779433 11905 640035
1000 254 26
59485 117349 411585 651678 342140 849752 785373 447440 660759 178441 179227 496959 834002 631226 136022 709899 240154 631667 795601 37413 169921 879277 864357 727451 309511 25808
1000 481 62
313912 968300 15872 733593 332282 335117 276271 108620 665959 76208 290646 284067 517892 217814 528586 158898 915625 434415 52816 720618 608832 933848 608675 999519 994917 389739 242984 361426 908652 652816 346639 738915 621115 878863 472508 953397 213979 265130 578368 396290 341338 869014 680356 859229 603179 208941 18127 518804 159707 587294 755773 768538 521142 880799 284408 32410 270537 43743 910187 695541 212911 773177
1000 914 91
856996 183222 118875 835369 536127 848127 752725 938292 309172 258193 199453 973932 147579 312558 115075 50380 985143 864885 234768 845209 775718 233584 25006 871110 887556 933043 701437 91247 382407 702351 688389 239403 401924 807264 591123 938051 655390 860200 392694 480913 118392 108499 454844 782322 937408 86271 832702 922551 951155 583821 767759 243224 817404 792764 630685 221311 725807 332122 312558 108213 550824 946 863967 952747 324561 455090 407149 496302 831641 799843 977214 466384 908341 432058 248706 845748 518328 597759 768298 985834 181579 536057 229058 515334 845172 376094 736644 87330 708215 49201 195543
1000 858 100
430629 531464 778836 867995 363107 171088 615283 465661 9282 443951 498125 182349 803687 691284 584786 859110 921556 630024 462238 664939 535304 995334 73951 958165 481512 766988 92701 307275 731930 253558 896526 678911 301374 191713 63257 664480 362800 678539 646492 372082 638841 660968 554430 442527 352252 655567 301637 273807 801943 280226 455097 853598 275560 529047 811762 757071 812386 420814 580697 544316 190723 993574 739578 492096 185286 802834 672928 548086 997724 319419 436519 636564 980387 507300 79091 848990 162867 897079 122796 481161 177304 577892 334758 969215 623291 662871 726285 952028 83684 823333 12695 274406 816906 752272 282854 518544 555105 955781 66629 552828
1000 17 34
705614 816533 663672 805750 929116 485626 619303 378565 718088 22531 466045 245174 348584 621801 497891 148644 24916 927918 449901 363734 427110 464223 353088 814120 29242 969776 897337 925414 230108 906706 728647 452073 239590 392318
1000 455 25
652039 423314 303773 866018 688444 882141 778659 29781 267506 459014 405361 387036 184306 939839 905839 344012 527133 177963 628902 564626 58762 913309 597035 329298 473404
1000 266 84
915467 143118 765697 439010 321161 510732 707608 217659 633667 647216 545108 302784 298458 690809 362158 317596 348793 104967 386292 901067 122266 827893 368320 706804 222456 405642 705213 712434 969800 182479 555017 401619 841948 320713 840628 163108 347797 548236 897119 497815 711803 958578 316950 10260 165738 195460 844207 514530 300426 746851 931949 939043 574743 300268 645846 313550 222261 867410 25983 708413 566240 97351 110031 408188 934416 950658 87647 282212 15245 501117 296378 727047 976046 613328 253659 141783 325139 614217 172665 625564 361067 104613 80958 935809
1000 234 11
184388 860067 394481 482465 179797 95393 653973 908038 313976 203692 933013
1000 809 53
676944 792844 58730 830140 136477 800972 959884 30278 85285 275080 47417 693862 243997 703680 993071 404734 287667 825048 88130 209021 190285 839424 152487 786411 726074 278757 340047 195184 51239 348207 153236 244534 657402 211965 74673 793879 529289 550908 340508 614573 342340 387925 824787 586336 91604 817857 507422 379270 642904 595551 104642 349540 951327
1000 680 96
83292 762126 157574 988527 603269 663978 579515 955259 352624 914169 720063 694592 290551 206190 976383 43625 202452 885664 994039 376914 368084 762932 880654 398929 963505 915882 440527 139037 422004 966558 179532 505295 245035 337105 10173 848304 1082 589688 319914 870057 503856 39976 564648 310758 246166 541030 354383 448617 943046 864773 341882 311129 627704 738888 226410 591209 654769 183288 246597 593124 666198 426129 614770 911232 279585 624943 759535 797019 730982 79449 667075 751189 635776 748075 61946 881941 805456 932680 846909 748501 797453 705143 575982 941508 444030 318743 49068 615150 502030 295665 208274 684579 238145 823043 595811 517729
1000 551 99
189392 288289 526798 784834 137278 206016 198264 776425 203528 891919 870669 538285 861134 493959 201155 103770 962338 801190 443455 975033 591948 260360 243656 874801 778903 798761 346933 361883 867940 654835 897733 573683 459476 940883 874868 596753 663250 73131 889530 866778 481402 760198 921414 342535 770508 638921 446304 732845 440110 889758 224229 32057 666470 467885 423209 961724 782997 286493 839959 650936 457680 737691 740971 917155 194925 615838 513907 858175 205321 403436 724952 686722 679985 646365 29256 450492 285285 991911 183337 241747 398021 407565 273803 580842 391801 213364 542565 174797 16208 382523 342085 473887 636566 83055 391041 831490 215244 421300 689664
1000 685 61
148293 51678 324156 245483 577740 202488 184508 701672 962878 952809 554172 571688 91319 672238 245997 49151 208855 715344 238513 935383 399341 941167 784109 839998 946671 227512 344623 598871 448313 786308 296283 112957 837985 136790 874791 932077 855629 59298 150100 818506 528458 704271 390193 619776 892861 152542 185279 618067 867885 940143 69801 783577 881309 853910 623574 344331 81421 484548 459553 46085 787207
1000 679 71
699752 207315 618663 755165 632211 201341 71193 359081 751243 619735 453730 871581 808472 130372 355397 165100 869146 278018 47609 776706 483376 834050 860284 447556 192213 941080 970772 589350 502157 600802 14720 718260 808117 633382 473425 440327 834722 544617 315760 102316 164351 285841 973896 489174 416212 329292 654273 285358 607310 218234 62063 90685 568635 922346 54592 277199 379777 541715 866549 881933 142516 881268 116545 950632 31002 589969 907311 382075 650937 223070 484391
1000 851 65
846487 417674 508844 12030 963853 165623 234868 882980 234435 379634 100468 912682 385737 344965 168789 976414 525139 776929 353073 35285 97875 30280 987787 63985 570402 707495 439849 124906 115263 655051 386522 961749 72724 895365 490130 36576 577340 724997 919555 811774 104630 20023 724455 6718 881339 409595 499483 406477 702875 852556 958113 800750 399187 945899 381086 969588 169745 337286 610845 285007 992336 997367 763108 581412 892731
1000 681 6
874336 61069 264712 243466 366510 2562
1000 170 64
665877 921872 342473 962316 995968 241561 112273 351517 119595 809541 588295 538818 408262 477397 554212 31481 88817 559550 719929 434164 475216 627089 921892 446283 231874 939534 955005 558195 650815 998527 943311 833044 920398 285783 311711 916365 43696 423983 784233 163290 749875 372527 218460 158137 849924 289023 189617 938740 364924 425898 889255 840140 569338 811146 286422 317564 267032 757779 875758 434198 756305 819068 783593 676702
1000 337 97
831099 695318 467497 14526 962858 103273 762600 24804 985213 84407 473835 348474 832908 271287 53616 925241 729147 497645 243983 778214 629146 262364 73878 837419 946943 828374 176814 542753 862455 657502 930801 693553 869172 398298 708078 832029 501570 987029 856832 3134 71436 330667 351607 420695 118305 405222 345935 847451 419218 106269 625665 48364 368632 215894 402134 315574 560620 95299 374678 423074 752801 305479 632978 621972 703776 857408 454000 721697 844436 310832 724830 432223 157850 76437 369269 792506 998010 231555 639957 933580 337823 781973 498295 706455 514218 900428 538380 74837 995727 429410 14262 748527 734888 647240 886850 955015 504647
1000 587 49
311790 766948 259078 326954 94660 178504 674737 570914 517158 90845 7113 427319 635429 713554 230922 696251 919922 5364 81320 250419 230369 324254 976190 275645 974375 294552 649379 810569 639174 349317 56969 467316 116264 316046 310621 727275 494550 501709 814540 528059 592554 821653 471729 227982 535206 219002 924232 455127 740717
1000 237 87
470070 978234 53894 798195 599215 590268 39001 605933 471606 448595 621767 394434 667822 474322 352546 984923 873508 814797 366008 359448 500893 219646 486644 302252 728333 484010 65359 309744 893093 318595 444083 879514 296828 497976 677709 412395 88243 716709 18327 559848 681656 640093 470633 349477 630767 339530 850751 20626 154326 216758 896425 171571 952755 383069 473822 681088 383430 539180 990831 276522 374126 434913 672388 670954 932888 866448 83348 537482 99508 618026 613681 781163 774470 84313 646991 405236 940195 497741 942214 94520 230851 838638 782442 183605 221706 256263 864692
1000 815 82
717873 229626 652353 970415 93726 777671 957846 920365 537368 505820 64107 186026 755467 292299 976669 864936 821175 771036 382278 342377 4693 646413 511563 565037 403909 371044 315696 626308 541502 880510 856489 775727 110136 25194 746141 720213 802864 703986 640577 340231 209805 704684 42609 481623 996982 535629 346559 334508 306664 245188 676884 827708 407952 704799 909096 811860 75842 224791 438167 617343 105301 294656 393069 215436 319849 139209 452000 639064 359546 92577 979294 85702 797260 21902 567325 310593 557531 430235 161452 380546 191774 838335
1000 285 37
55343 968460 781994 869616 804983 672037 769865 849512 777842 459757 481122 918012 455045 533228 161746 906846 807140 957597 563566 129710 217274 187767 888554 742056 90598 531781 277718 755363 908971 4003 590199 964313 488814 888545 833928 810148 76933
1000 700 35
619827 856906 542170 864360 514308 270486 455384 824538 799774 6291 165045 930699 348630 69321 755485 451318 160925 89693 958739 56546 732596 70641 677540 598487 21967 451019 250788 215718 19607 275840 604652 639433 132745 663173 20144
1000 206 78
478313 993916 538846 505877 694055 308253 39060 979951 873870 190744 29694 504392 368731 383963 243011 759307 272149 194794 783611 557430 684135 638147 679484 649770 44915 359497 23389 441358 977333 650594 753087 971998 160861 808284 477874 371268 116536 516934 867570 506758 707677 897263 11149 592759 797578 770511 352066 586078 481656 652028 143507 165790 290174 822990 815560 851441 698839 355300 809150 192523 522246 562237 164520 683106 886872 642394 570725 3408 159327 438295 510165 383355 851909 37665 976114 165838 808176 844531
1000 38 99
575861 728137 407411 547302 135285 903713 378942 451479 880926 845326 359819 829335 610383 721919 864014 208141 6568 366200 906071 58976 111609 421404 904148 487702 674399 991477 195917 239952 703371 971306 806450 279232 215794 730212 342885 351079 633924 721827 802557 514850 83504 678728 860536 210238 400646 724550 418378 923565 90749 840800 982541 718709 778555 403040 206410 452953 910868 918678 692904 614239 889984 15705 409822 105777 745917 752706 973207 379840 990884 775764 411041 74387 970843 271577 284624 887840 512478 219353 811404 119578 576504 310296 838286 355058 713335 44695 808011 624203 479725 17266 754793 369708 32971 680966 991836 295239 950023 965043 191430
1000 208 67
571326 133986 870876 5523 890290 689944 789116 83343 311146 400771 709112 492395 920056 602762 836933 705568 385290 916283 165568 17741 801006 815185 621635 534301 407050 598431 624087 84605 902725 295 79723 474050 134280 950599 995925 540922 640542 785040 140616 468039 185810 849728 960433 622217 968841 313717 844137 354130 746351 526056 888222 547357 341240 509856 81657 264642 108286 705744 349246 527363 222390 428969 517764 356669 379567 513688 413942
1000 427 60
658394 503174 648708 884035 814909 873035 260616 818327 967225 716162 851427 54085 640196 65643 363479 651540 62132 922454 525882 168786 766385 387580 659668 758823 571724 997218 42685 522622 480282 74111 28234 138675 93637 193293 539062 908545 66327 316029 726871 549903 548542 94649 603987 188738 160291 483817 840277 222423 922622 882510 907560 689006 270089 567227 964181 358164 80796 523217 880786 561078
1000 916 31
496558 895422 971973 303083 234764 303884 154523 933602 659183 963673 642476 181428 42261 806996 380886 929132 965741 951610 932539 641419 906256 959055 24773 758165 996720 517238 924002 321247 361768 192269 127429
1000 412 39
657412 965469 276061 623134 191072 756937 943086 729553 818809 572478 476231 139185 231618 19116 309941 982967 801779 471094 346198 964803 854278 15779 632276 557299 995557 951225 863585 921490 976073 855348 128429 633484 337168 920841 772969 528240 194129 716054 774144
1000 203 4
109418 664898 519286 893650
1000 1 1000
999999 999999 999999 999999 999999 999999 999999 999999 999999 999999 999999 999999 999999 999999 999999 999999 999999 999999 999999 999999 999999 999999 999999 999999 999999 999999 999999 999999 999999 999999 999999 999999 999999 999999 999999 999999 999999 999999 999999 999999 999999 999999 999999 999999 999999 999999 999999 999999 999999 999999 999999 999999 999999 999999 999999 999999 999999 999999 999999 999999 999999 999999 999999 999999 999999 999999 999999 999999 999999 999999 999999 999999 999999 999999 999999 999999 999999 999999 999999 999999 999999 999999 999999 999999 999999 999999 999999 999999 999999 999999 999999 999999 999999 999999 999999 999999 999999 999999 999999 999999 999999 999999 999999 999999 999999 999999 999999 999999 999999 999999 999999 999999 999999 999999 999999 999999 999999 999999 999999 999999 999999 999999 999999 999999 999999 999999 999999 999999 999999 999999 999999 999999 999999 999999 999999 999999 999999 999999 999999 999999 999999 999999 999999 999999 999999 999999 999999 999999 999999 999999 999999 999999 999999 999999 999999 999999 999999 999999 999999 999999 999999 999999 999999 999999 999999 999999 999999 999999 999999 999999 999999 999999 999999 999999 999999 999999 999999 999999 999999 999999 999999 999999 999999 999999 999999 999999 999999 999999 999999 999999 999999 999999 999999 999999 999999 999999 999999 999999 999999 999999 999999 999999 999999 999999 999999 999999 999999 999999 999999 999999 999999 999999 999999 999999 999999 999999 999999 999999 999999 999999 999999 999999 999999 999999 999999 999999 999999 999999 999999 999999 999999 999999 999999 999999 999999 999999 999999 999999 999999 999999 999999 999999 999999 999999 999999 999999 999999 999999 999999 999999 999999 999999 999999 999999 999999 999999 999999 999999 999999 999999 999999 999999 999999 999999 999999 999999 999999 999999 999999 999999 999999 999999 999999 999999 999999 999999 999999 999999 999999 999999 999999 999999 999999 999999 999999 999999 999999 999999 999999 999999 999999 999999 999999 999999 999999 999999 999999 999999 999999 999999 999999 999999 999999 999999 999999 999999 999999 999999 999999 999999 999999 999999 999999 999999 999999 999999 999999 999999 999999 999999 999999 999999 999999 999999 999999 999999 999999 999999 999999 999999 999999 999999 999999 999999 999999 999999 999999 999999 999999 999999 999999 999999 999999 999999 999999 999999 999999 999999 999999 999999 999999 999999 999999 999999 999999 999999 999999 999999 999999 999999 999999 999999 999999 999999 999999 999999 999999 999999 999999 999999 999999 999999 999999 999999 999999 999999 999999 999999 999999 999999 999999 999999 999999 999999 999999 999999 999999 999999 999999 999999 999999 999999 999999 999999 999999 999999 999999 999999 999999 999999 999999 999999 999999 999999 999999 999999 999999 999999 999999 999999 999999 999999 999999 999999 999999 999999 999999 999999 999999 999999 999999 999999 999999 999999 999999 999999 999999 999999 999999 999999 999999 999999 999999 999999 999999 999999 999999 999999 999999 999999 999999 999999 999999 999999 999999 999999 999999 999999 999999 999999 999999 999999 999999 999999 999999 999999 999999 999999 999999 999999 999999 999999 999999 999999 999999 999999 999999 999999 999999 999999 999999 999999 999999 999999 999999 999999 999999 999999 999999 999999 999999 999999 999999 999999 999999 999999 999999 999999 999999 999999 999999 999999 999999 999999 999999 999999 999999 999999 999999 999999 999999 999999 999999 999999 999999 999999 999999 999999 999999 999999 999999 999999 999999 999999 999999 999999 999999 999999 999999 999999 999999 999999 999999 999999 999999 999999 999999 999999 999999 999999 999999 999999 999999 999999 999999 999999 999999 999999 999999 999999 999999 999999 999999 999999 999999 999999 999999 999999 999999 999999 999999 999999 999999 999999 999999 999999 999999 999999 999999 999999 999999 999999 999999 999999 999999 999999 999999 999999 999999 999999 999999 999999 999999 999999 999999 999999 999999 999999 999999 999999 999999 999999 999999 999999 999999 999999 999999 999999 999999 999999 999999 999999 999999 999999 999999 999999 999999 999999 999999 999999 999999 999999 999999 999999 999999 999999 999999 999999 999999 999999 999999 999999 999999 999999 999999 999999 999999 999999 999999 999999 999999 999999 999999 999999 999999 999999 999999 999999 999999 999999 999999 999999 999999 999999 999999 999999 999999 999999 999999 999999 999999 999999 999999 999999 999999 999999 999999 999999 999999 999999 999999 999999 999999 999999 999999 999999 999999 999999 999999 999999 999999 999999 999999 999999 999999 999999 999999 999999 999999 999999 999999 999999 999999 999999 999999 999999 999999 999999 999999 999999 999999 999999 999999 999999 999999 999999 999999 999999 999999 999999 999999 999999 999999 999999 999999 999999 999999 999999 999999 999999 999999 999999 999999 999999 999999 999999 999999 999999 999999 999999 999999 999999 999999 999999 999999 999999 999999 999999 999999 999999 999999 999999 999999 999999 999999 999999 999999 999999 999999 999999 999999 999999 999999 999999 999999 999999 999999 999999 999999 999999 999999 999999 999999 999999 999999 999999 999999 999999 999999 999999 999999 999999 999999 999999 999999 999999 999999 999999 999999 999999 999999 999999 999999 999999 999999 999999 999999 999999 999999 999999 999999 999999 999999 999999 999999 999999 999999 999999 999999 999999 999999 999999 999999 999999 999999 999999 999999 999999 999999 999999 999999 999999 999999 999999 999999 999999 999999 999999 999999 999999 999999 999999 999999 999999 999999 999999 999999 999999 999999 999999 999999 999999 999999 999999 999999 999999 999999 999999 999999 999999 999999 999999 999999 999999 999999 999999 999999 999999 999999 999999 999999 999999 999999 999999 999999 999999 999999 999999 999999 999999 999999 999999 999999 999999 999999 999999 999999 999999 999999 999999 999999 999999 999999 999999 999999 999999 999999 999999 999999 999999 999999 999999 999999 999999 999999 999999 999999 999999 999999 999999 999999 999999 999999 999999 999999 999999 999999 999999 999999 999999 999999 999999 999999 999999 999999 999999 999999 999999 999999 999999 999999 999999 999999 999999 999999 999999 999999 999999 999999 999999 999999 999999 999999 999999 999999 999999 999999 999999 999999 999999 999999 999999 999999 999999 999999 999999 999999 999999 999999 999999 999999 999999 999999 999999 999999 999999 999999 999999 999999 999999 999999 999999 999999 999999 999999 999999 999999 999999 999999 999999 999999 999999 999999 999999 999999 999999 999999 999999 999999 999999 999999 999999 999999 999999 999999 999999 999999 999999 999999 999999 999999 999999 999999 999999 999999 999999 999999 999999 999999 999999 999999 999999 999999 999999 999999 999999 999999 999999 999999 999999 999999 999999 999999 999999 999999 999999 999999 999999 999999 999999 999999 999999 999999 999999 999999 999999 999999 999999 999999 999999
1000 849 63
865434 168032 917892 297657 842233 510680 666925 634739 508690 898480 791047 958621 752654 573019 456915 975460 603588 357342 513840 194777 869420 943249 209038 134298 194488 856277 21147 665854 877275 361996 858916 742709 46379 293159 556717 888612 803839 739993 523350 828880 154824 314396 787500 907478 403766 244414 882937 7353 118107 913128 202129 987527 856376 927519 121824 567215 783795 659323 233068 177422 21318 608335 436482
1000 947 7
436150 966111 23771 719709 859512 38152 891417
1000 851 35
726457 466836 394478 289826 753148 745241 479833 742479 879081 119599 804734 487251 217522 411530 128886 205792 620640 663050 463312 343742 56026 164261 573938 824056 491425 383114 205177 383426 2200 644379 704213 728656 111214 98690 18481
1000 74 67
650033 161006 920468 267360 307472 830482 229437 715082 220595 721519 528809 957394 997243 45829 136388 365159 697727 739979 477822 976779 770885 520508 307066 861623 586891 516878 69371 87200 114901 300444 937718 281286 977801 858185 548645 801625 205018 294434 516706 425613 15952 561866 899358 529546 607694 35746 411056 821772 292076 888877 798551 62960 409384 621968 440934 996274 138846 510305 599825 770098 327100 537543 51383 821253 395727 116380 622877
1000 100 1000
1001 1000 999 998 997 996 995 994 993 992 991 990 989 988 987 986 985 984 983 982 981 980 979 978 977 976 975 974 973 972 971 970 969 968 967 966 965 964 963 962 961 960 959 958 957 956 955 954 953 952 951 950 949 948 947 946 945 944 943 942 941 940 939 938 937 936 935 934 933 932 931 930 929 928 927 926 925 924 923 922 921 920 919 918 917 916 915 914 913 912 911 910 909 908 907 906 905 904 903 902 901 900 899 898 897 896 895 894 893 892 891 890 889 888 887 886 885 884 883 882 881 880 879 878 877 876 875 874 873 872 871 870 869 868 867 866 865 864 863 862 861 860 859 858 857 856 855 854 853 852 851 850 849 848 847 846 845 844 843 842 841 840 839 838 837 836 835 834 833 832 831 830 829 828 827 826 825 824 823 822 821 820 819 818 817 816 815 814 813 812 811 810 809 808 807 806 805 804 803 802 801 800 799 798 797 796 795 794 793 792 791 790 789 788 787 786 785 784 783 782 781 780 779 778 777 776 775 774 773 772 771 770 769 768 767 766 765 764 763 762 761 760 759 758 757 756 755 754 753 752 751 750 749 748 747 746 745 744 743 742 741 740 739 738 737 736 735 734 733 732 731 730 729 728 727 726 725 724 723 722 721 720 719 718 717 716 715 714 713 712 711 710 709 708 707 706 705 704 703 702 701 700 699 698 697 696 695 694 693 692 691 690 689 688 687 686 685 684 683 682 681 680 679 678 677 676 675 674 673 672 671 670 669 668 667 666 665 664 663 662 661 660 659 658 657 656 655 654 653 652 651 650 649 648 647 646 645 644 643 642 641 640 639 638 637 636 635 634 633 632 631 630 629 628 627 626 625 624 623 622 621 620 619 618 617 616 615 614 613 612 611 610 609 608 607 606 605 604 603 602 601 600 599 598 597 596 595 594 593 592 591 590 589 588 587 586 585 584 583 582 581 580 579 578 577 576 575 574 573 572 571 570 569 568 567 566 565 564 563 562 561 560 559 558 557 556 555 554 553 552 551 550 549 548 547 546 545 544 543 542 541 540 539 538 537 536 535 534 533 532 531 530 529 528 527 526 525 524 523 522 521 520 519 518 517 516 515 514 513 512 511 510 509 508 507 506 505 504 503 502 501 500 499 498 497 496 495 494 493 492 491 490 489 488 487 486 485 484 483 482 481 480 479 478 477 476 475 474 473 472 471 470 469 468 467 466 465 464 463 462 461 460 459 458 457 456 455 454 453 452 451 450 449 448 447 446 445 444 443 442 441 440 439 438 437 436 435 434 433 432 431 430 429 428 427 426 425 424 423 422 421 420 419 418 417 416 415 414 413 412 411 410 409 408 407 406 405 404 403 402 401 400 399 398 397 396 395 394 393 392 391 390 389 388 387 386 385 384 383 382 381 380 379 378 377 376 375 374 373 372 371 370 369 368 367 366 365 364 363 362 361 360 359 358 357 356 355 354 353 352 351 350 349 348 347 346 345 344 343 342 341 340 339 338 337 336 335 334 333 332 331 330 329 328 327 326 325 324 323 322 321 320 319 318 317 316 315 314 313 312 311 310 309 308 307 306 305 304 303 302 301 300 299 298 297 296 295 294 293 292 291 290 289 288 287 286 285 284 283 282 281 280 279 278 277 276 275 274 273 272 271 270 269 268 267 266 265 264 263 262 261 260 259 258 257 256 255 254 253 252 251 250 249 248 247 246 245 244 243 242 241 240 239 238 237 236 235 234 233 232 231 230 229 228 227 226 225 224 223 222 221 220 219 218 217 216 215 214 213 212 211 210 209 208 207 206 205 204 203 202 201 200 199 198 197 196 195 194 193 192 191 190 189 188 187 186 185 184 183 182 181 180 179 178 177 176 175 174 173 172 171 170 169 168 167 166 165 164 163 162 161 160 159 158 157 156 155 154 153 152 151 150 149 148 147 146 145 144 143 142 141 140 139 138 137 136 135 134 133 132 131 130 129 128 127 126 125 124 123 122 121 120 119 118 117 116 115 114 113 112 111 110 109 108 107 106 105 104 103 102 101 100 99 98 97 96 95 94 93 92 91 90 89 88 87 86 85 84 83 82 81 80 79 78 77 76 75 74 73 72 71 70 69 68 67 66 65 64 63 62 61 60 59 58 57 56 55 54 53 52 51 50 49 48 47 46 45 44 43 42 41 40 39 38 37 36 35 34 33 32 31 30 29 28 27 26 25 24 23 22 21 20 19 18 17 16 15 14 13 12 11 10 9 8 7 6 5 4 3 2
1000 265 89
833129 987796 632158 427442 616979 818993 304984 411676 854352 122808 873170 635081 197161 135175 84808 543400 742986 327891 2670 124357 757712 863554 818740 946090 626564 960661 815199 456143 755255 29815 207831 104735 17610 839988 48528 150940 175332 869864 562615 29683 992671 952136 664764 706183 87310 265923 249582 346648 110165 768604 471004 867876 148509 806095 330317 291424 766755 145515 747566 38362 175329 955396 659448 709290 311735 707976 376581 487067 577839 455547 33101 86861 407683 214216 793043 11344 480138 558976 874343 106655 327579 861698 490882 476087 667793 821199 767510 950899 966713
1000 274 24
890044 383898 528178 589453 689893 631611 623819 995289 52107 243734 935449 757561 795852 140369 322570 259678 624202 758845 8430 902832 126876 19311 148414 860839
1000 147 67
896561 950542 986342 184494 518791 387673 65807 317859 250844 894651 66961 7452 118696 448667 292037 49859 117345 179399 893757 977886 724798 714048 693569 891810 395088 711074 658001 973251 738830 831499 450017 151742 782041 436358 336235 817183 340382 402042 135042 107577 813044 202002 631381 931739 167020 439769 981597 800716 619168 875353 778601 860317 105753 472169 268478 17192 183242 926478 990442 922071 757977 956810 590165 56369 909519 926399 873551
1000 549 79
100486 306483 727304 239331 333139 327129 525780 176590 864671 93515 997842 776749 209894 620718 893845 137058 793003 436553 596525 10802 878619 585537 868998 872781 985604 32613 675371 790899 27483 540919 521929 127968 363753 249232 883650 213243 576360 409429 389833 441030 19295 904026 734131 745540 41096 627975 882597 834098 64528 995473 844899 459498 581009 713896 848630 82964 262861 524000 390214 290343 581271 912142 934662 945023 161374 818311 674618 254085 744091 580802 695115 763386 484827 429245 508925 525922 573571 907874 360020
1000 306 6
338532 735976 770272 596531 694443 235991
1000 428 53
999401 800712 585550 118414 284959 415852 748408 343204 911708 762561 354914 284928 794798 448109 745777 966953 333229 179742 924490 460542 535201 744383 619770 594350 942886 53273 691654 699410 789644 103434 518015 305396 904145 619916 940161 705455 35767 204921 48658 947474 967481 919923 748753 278631 368032 10882 245583 217612 190623 170072 678153 242175 430806
1000 961 100
331434 224692 325431 979084 337181 28647 259837 449483 313348 97234 928166 44953 531831 786789 526817 28027 85708 520864 177443 83423 78596 837791 287450 538630 639397 520937 877423 524380 44316 920383 637132 892101 145074 478914 387536 482255 23912 647372 448089 337259 260958 376255 898563 309140 679395 425380 853518 765102 462595 547312 364877 541190 385102 168678 596171 24498 689614 473594 65230 733929 393976 702361 142381 55402 181274 529916 54008 205185 177287 502096 58795 954596 878350 957358 780088 74097 899089 149957 839198 361683 697269 720426 902872 82370 889103 15394 623220 95068 488987 688449 345348 399315 390809 487728 454716 88434 17643 508723 809970 711282
1000 715 54
359510 489507 100746 898654 361452 784200 97643 860313 775699 148535 35977 688944 194066 812983 425648 152188 311682 333428 103554 485 675959 742506 404495 582920 388111 632790 412152 621881 374386 272866 321235 250247 278724 938332 665253 640176 238884 762895 500488 530934 427781 536465 219877 621846 865799 645524 290385 177480 495304 393938 694317 171262 652796 98811
1000 290 39
340201 914980 567240 469316 53717 413872 62711 10486 962505 352606 351309 665853 406762 523544 661691 745036 752247 896499 122936 939608 327449 152765 651243 629350 59375 502786 141633 226457 68697 35923 500948 925249 467254 68187 394564 37322 998410 973626 47807
1000 551 80
866587 253639 748119 62806 792198 947939 982402 652556 492277 2720 668925 391377 632518 93675 828291 24474 410228 25039 939020 399934 631095 873904 236091 48966 700183 323714 344751 228440 963748 13653 922471 346686 783643 670589 925844 575841 134879 908245 744748 627155 427316 413672 534883 59833 23698 363174 84306 433926 388212 539678 833859 535658 929933 69949 100976 146467 393663 962078 891258 873762 975730 813728 736800 275725 668 178995 851565 135547 87239 596312 279053 514555 526335 813936 90739 550032 693461 691397 500309 598024
1000 236 45
928708 11598 257260 372985 254562 125396 745143 626412 199323 254292 661311 252913 107182 268588 470763 50362 699919 180037 893007 852779 789089 221499 650016 102353 794998 558467 30659 903330 847631 802894 26327 776339 330843 799938 665675 101756 925333 927169 728168 641007 181460 905830 893919 804993 174417
1000 5 95
830592 753659 254045 492081 311197 349496 672551 957781 163383 29830 727815 507571 867803 208904 56819 814898 435566 515787 300960 538100 255896 874842 330840 925997 492 512536 652041 664926 583810 677045 726620 930754 947055 980664 422834 258251 846512 95384 732383 526246 641565 976549 550169 509368 185452 606987 840617 137370 639125 657928 675469 411372 532769 522660 337368 49613 551547 505761 714538 135356 182805 441158 66109 129860 938173 488943 904462 301036 100678 636845 827282 742243 613393 377450 767962 315197 500788 608578 452566 656264 782857 644386 67635 315626 683397 921355 365238 234943 427115 596127 886650 126271 37284 952759 256130
1000 539 13
266177 562998 943649 632452 368372 649617 87543 733296 591866 976797 573435 161204 787943
1000 945 32
889579 298960 397261 759318 728655 675999 145138 557539 95452 180470 130233 297536 357280 770035 344189 321622 964738 32896 947095 226663 458969 969711 586182 223758 57530 792741 153749 609299 665345 726045 148083 71275
1000 480 2
677400 52237
1000 818 29
873409 717378 104628 413104 350486 490895 328223 913308 440285 256785 486265 462362 618643 645131 593839 237063 986466 164815 888757 809478 429622 903674 186796 164496 768250 645782 24529 232418 960528
1000 100 1000
1 2 3 4 5 6 7 8 9 10 11 12 13 14 15 16 17 18 19 20 21 22 23 24 25 26 27 28 29 30 31 32 33 34 35 36 37 38 39 40 41 42 43 44 45 46 47 48 49 50 51 52 53 54 55 56 57 58 59 60 61 62 63 64 65 66 67 68 69 70 71 72 73 74 75 76 77 78 79 80 81 82 83 84 85 86 87 88 89 90 91 92 93 94 95 96 97 98 99 100 101 102 103 104 105 106 107 108 109 110 111 112 113 114 115 116 117 118 119 120 121 122 123 124 125 126 127 128 129 130 131 132 133 134 135 136 137 138 139 140 141 142 143 144 145 146 147 148 149 150 151 152 153 154 155 156 157 158 159 160 161 162 163 164 165 166 167 168 169 170 171 172 173 174 175 176 177 178 179 180 181 182 183 184 185 186 187 188 189 190 191 192 193 194 195 196 197 198 199 200 201 202 203 204 205 206 207 208 209 210 211 212 213 214 215 216 217 218 219 220 221 222 223 224 225 226 227 228 229 230 231 232 233 234 235 236 237 238 239 240 241 242 243 244 245 246 247 248 249 250 251 252 253 254 255 256 257 258 259 260 261 262 263 264 265 266 267 268 269 270 271 272 273 274 275 276 277 278 279 280 281 282 283 284 285 286 287 288 289 290 291 292 293 294 295 296 297 298 299 300 301 302 303 304 305 306 307 308 309 310 311 312 313 314 315 316 317 318 319 320 321 322 323 324 325 326 327 328 329 330 331 332 333 334 335 336 337 338 339 340 341 342 343 344 345 346 347 348 349 350 351 352 353 354 355 356 357 358 359 360 361 362 363 364 365 366 367 368 369 370 371 372 373 374 375 376 377 378 379 380 381 382 383 384 385 386 387 388 389 390 391 392 393 394 395 396 397 398 399 400 401 402 403 404 405 406 407 408 409 410 411 412 413 414 415 416 417 418 419 420 421 422 423 424 425 426 427 428 429 430 431 432 433 434 435 436 437 438 439 440 441 442 443 444 445 446 447 448 449 450 451 452 453 454 455 456 457 458 459 460 461 462 463 464 465 466 467 468 469 470 471 472 473 474 475 476 477 478 479 480 481 482 483 484 485 486 487 488 489 490 491 492 493 494 495 496 497 498 499 500 501 502 503 504 505 506 507 508 509 510 511 512 513 514 515 516 517 518 519 520 521 522 523 524 525 526 527 528 529 530 531 532 533 534 535 536 537 538 539 540 541 542 543 544 545 546 547 548 549 550 551 552 553 554 555 556 557 558 559 560 561 562 563 564 565 566 567 568 569 570 571 572 573 574 575 576 577 578 579 580 581 582 583 584 585 586 587 588 589 590 591 592 593 594 595 596 597 598 599 600 601 602 603 604 605 606 607 608 609 610 611 612 613 614 615 616 617 618 619 620 621 622 623 624 625 626 627 628 629 630 631 632 633 634 635 636 637 638 639 640 641 642 643 644 645 646 647 648 649 650 651 652 653 654 655 656 657 658 659 660 661 662 663 664 665 666 667 668 669 670 671 672 673 674 675 676 677 678 679 680 681 682 683 684 685 686 687 688 689 690 691 692 693 694 695 696 697 698 699 700 701 702 703 704 705 706 707 708 709 710 711 712 713 714 715 716 717 718 719 720 721 722 723 724 725 726 727 728 729 730 731 732 733 734 735 736 737 738 739 740 741 742 743 744 745 746 747 748 749 750 751 752 753 754 755 756 757 758 759 760 761 762 763 764 765 766 767 768 769 770 771 772 773 774 775 776 777 778 779 780 781 782 783 784 785 786 787 788 789 790 791 792 793 794 795 796 797 798 799 800 801 802 803 804 805 806 807 808 809 810 811 812 813 814 815 816 817 818 819 820 821 822 823 824 825 826 827 828 829 830 831 832 833 834 835 836 837 838 839 840 841 842 843 844 845 846 847 848 849 850 851 852 853 854 855 856 857 858 859 860 861 862 863 864 865 866 867 868 869 870 871 872 873 874 875 876 877 878 879 880 881 882 883 884 885 886 887 888 889 890 891 892 893 894 895 896 897 898 899 900 901 902 903 904 905 906 907 908 909 910 911 912 913 914 915 916 917 918 919 920 921 922 923 924 925 926 927 928 929 930 931 932 933 934 935 936 937 938 939 940 941 942 943 944 945 946 947 948 949 950 951 952 953 954 955 956 957 958 959 960 961 962 963 964 965 966 967 968 969 970 971 972 973 974 975 976 977 978 979 980 981 982 983 984 985 986 987 988 989 990 991 992 993 994 995 996 997 998 999 1000
1000 346 98
833936 719076 159725 763392 69561 166972 607966 499220 123608 864750 501836 585969 999744 146966 179807 236807 133432 860973 641915 459261 806947 545588 162409 971442 313838 324542 512322 62607 285069 514020 117705 119005 233095 793781 398748 819007 477104 6713 834578 600711 387815 336413 186680 387558 999730 882838 140716 649513 743811 782631 625126 550757 328218 303886 38550 642055 628427 67223 221014 913496 581242 338718 548852 330688 648850 947599 666046 125954 470663 16975 726664 374829 869739 429695 762387 869469 312533 903102 35333 572695 202084 660458 639803 530302 964343 678352 688708 109122 261926 909721 22617 843168 764790 87820 690207 413640 551770 872605
1000 127 34
680732 33866 169027 829156 922110 38534 773180 364118 77962 112832 186835 877543 278346 35360 301472 461495 264378 74354 262005 449727 346240 607812 243084 942919 865019 913469 860884 694384 672027 763011 625569 869110 313228 794595
1000 159 15
674310 957833 536617 952995 673010 726529 167646 702655 332375 440658 5505 443403 988274 652201 220802
1000 533 58
247953 682684 179139 138690 471902 500373 388937 266977 438704 570541 907152 677587 849787 923992 208520 277567 976808 944749 415765 358958 106624 222501 536438 601927 132791 747106 773189 301938 845916 43721 859195 610220 242757 38333 748910 231010 55057 654198 497986 493761 224738 921490 687699 74524 845481 412571 868442 338640 357319 800558 697597 463942 23059 750386 582221 672201 497491 355409
1000 325 91
99401 161408 838806 919636 315930 288759 578819 795954 931234 276598 838214 254581 657483 767346 220321 125445 699884 861739 548052 175291 402864 822568 172010 920101 262922 9608 798221 455190 137036 656545 59232 236437 334304 898037 156072 166586 186795 251242 962539 634381 527840 800753 888961 701674 84450 625634 343470 300685 3724 407874 475975 406587 230441 647984 843040 493362 173943 157612 948552 310979 330508 7783 63767 664812 422172 736190 347749 608966 987432 826639 243346 31623 627391 648659 249648 228192 274292 109470 528877 794367 517343 4851 717306 747783 169187 560345 241145 343129 234308 706048 654107
1000 745 13
655934 542709 943116 217799 442066 989013 341845 994163 400068 163616 286238 288944 478518
1000 564 87
930967 623637 21072 577332 169244 471563 378968 161155 171251 620714 75527 95168 894517 656368 486968 624232 198932 178117 640439 97807 520201 630678 250724 119607 21718 598565 334850 959369 288229 271766 300456 219195 895402 837879 312878 580998 825793 691846 742152 997044 312559 334030 608563 723427 990397 95530 864010 705680 789998 504449 319838 310198 651478 86913 429804 189547 685478 281006 148916 973706 69123 965723 709252 964524 803601 538482 61873 629393 230327 320376 142788 542885 654405 751350 782664 161153 363232 646673 866833 153229 667473 703022 979779 318950 789935 409582 508497
1000 666 56
764590 151466 855446 913234 176381 783363 363134 540114 210473 827356 409554 24592 856597 379329 438281 782010 609436 344986 27009 61509 584575 419326 835682 753279 813621 712806 816900 926004 128813 346565 283559 893402 14382 655357 322987 190762 438719 202472 247227 165543 546179 656780 706487 919128 552460 144767 701137 678248 489752 244497 256108 590678 180175 91789 860308 993795
