50
4 6 4
1 4 2 1
100 10 1
1
5 5 10
2 4 2 3 4 2 1 2 1 3
1 1 1
1
100 2 2
1 2
1000 100 10
4 3 9 1 2 5 6 9 1 10
1 10 10
4 3 4 1 2 5 6 9 1 10
1 10 9
1 1 1 1 1 1 1 1 1
1000 10 9
1 1 1 1 1 1 1 1 1
934 9 10
8 8 8 8 8 8 8 8 8 8
734 3 10
1 2 3 3 2 1 1 2 3 1
345 19 10
10 10 10 10 10 10 10 10 10 10
765 10 10
10 1 10 1 10 1 10 1 10 1
1000 100 10
10 10 10 10 10 10 10 10 10 10
734 20 10
1 2 3 4 5 6 7 8 9 10
631 16 10
10 9 8 7 6 5 4 3 2 1
3 11 9
9 6 1 7 7 6 3 8 10
2 7 8
5 6 4 6 2 5 2 5
4 7 5
6 6 7 7 7
4 8 8
7 3 5 3 1 2 6 4
474 6 10
5 3 5 5 5 4 3 5 5 6
695 14 10
9 1 1 6 8 4 6 6 4 5
502 7 10
4 2 3 1 5 3 7 3 5 4
907 5 9
3 5 2 2 1 5 2 3 2
9 22 9
2 6 9 6 10 8 9 8 2
7 24 9
7 10 9 3 9 2 10 7 1
5 24 10
3 2 5 1 8 9 5 1 7 3
6 25 9
5 3 6 10 7 8 8 9 7
60 16 10
9 9 6 6 9 9 5 7 5 8
179 14 10
9 5 7 7 5 6 7 5 6 6
148 34 8
6 7 5 5 8 6 9 9
15 10 9
5 7 6 5 8 5 5 8 7
14 32 9
5 9 6 8 7 5 9 8 6
253 18 8
6 7 8 6 7 8 6 9
291 77 9
9 9 7 9 8 6 7 5 8
18 36 8
6 6 8 6 8 8 6 6
885 78 10
8 5 8 6 5 6 6 7 5 7
535 78 8
7 6 8 7 9 9 5 7
409 46 8
8 9 5 9 6 8 6 9
407 47 7
8 7 8 7 9 8 8
402 97 5
7 9 9 7 5
785 12 5
5 5 8 9 7
261 46 7
6 6 8 7 5 8 6
432 61 5
9 8 7 5 5
212 12 9
8 8 9 7 9 6 7 9 5
550 40 7
6 7 5 7 6 5 5
893 82 6
8 7 9 7 7 7
969 31 6
9 9 7 6 5 8
946 92 8
9 6 7 7 5 7 9 9
336 56 6
8 8 6 6 9 8
