1000
3
1 3 -5
1 -2 4
5
1 2 3 4 5
1 1 0 0 1
7
-759 -771 24 -34 848 -190 887
619 -372 -550 -357 113 987 -585
8
967 -50 -253 -166 -243 705 -235 399
-312 -514 -47 -959 -437 707 150 514
6
136 -296 991 -149 -994 811
609 -257 -908 -489 -8 -262
5
493 588 -726 180 829
765 -874 -719 709 732
6
-556 871 -16 -890 -532 91
-828 635 826 -268 -263 -889
2
-911 673
-455 963
7
878 118 439 -87 -32 281 -550
296 -340 303 233 687 933 232
1
74
-429
8
-49 -75 -738 21 455 -720 -390 -497
-235 436 428 -882 244 -961 -67 978
7
-323 911 -728 -585 292 650 -782
-630 -907 -835 736 801 154 -596
4
-803 758 -121 618
-724 1000 331 -270
6
-916 -938 296 -612 -877 546
-180 317 -767 -699 -285 -705
8
748 -7 -183 -652 741 39 -103 210
42 -84 221 -673 603 -783 258 -503
7
74 -395 -934 -468 -943 -667 915
206 880 -475 853 987 944 -977
3
223 -858 793
-455 -540 456
8
822 868 -963 185 762 603 -230 988
860 -850 -918 -39 938 -460 578 -530
7
120 -928 470 499 -259 -307 581
-445 -147 591 -135 -187 150 -172
5
937 993 731 -507 542
-483 961 456 -302 660
6
637 -426 959 648 -274 407
839 -468 591 -988 -480 -653
8
-692 -359 -204 -815 -482 -506 974 -554
419 -700 -776 -377 933 -513 -226 -393
7
-572 -711 42 964 547 918 -876
-351 351 422 521 943 -260 -847
8
998 -676 -785 573 -872 -606 -967 -968
-969 -758 -754 935 430 -986 -930 967
2
-145 88
933 705
8
-192 -454 53 -141 -323 450 -340 -527
161 -262 292 8 62 -98 -389 -70
7
220 459 -992 903 455 851 -539
-907 204 -386 -681 637 -597 909
5
989 930 -590 -96 -927
-398 -926 -881 681 952
5
-963 -897 572 800 -51
-704 243 -780 -764 -336
8
-418 39 -976 -843 -987 566 -223 -129
-973 -370 -751 -387 -873 -870 465 554
8
-458 -896 -818 524 -978 -779 343 -817
167 -842 -516 476 974 974 964 762
8
660 -735 -888 594 -420 893 -737 -586
482 272 860 -879 291 -927 728 618
2
870 908
836 811
7
-875 103 -25 -864 694 -872 609
555 -898 744 864 -792 -629 -867
8
-279 -712 949 992 668 -761 -641 -378
-327 -448 108 -487 -884 278 -712 226
4
991 311 -736 214
752 767 591 -967
8
-862 -854 529 -867 -348 59 -864 538
-61 156 804 -474 -851 380 -377 103
3
-85 394 72
254 286 -588
8
-1 0 1 0 0 -1 0 -1
626 -249 413 968 109 794 -662 891
5
-852 631 -643 -940 438
802 -349 216 -998 -611
6
-125 296 -18 -72 -290 73
322 141 -240 -757 691 -46
7
936 661 -444 435 968 -616 -88
771 -975 -623 -854 942 -533 130
6
834 -735 -891 177 818 -347
816 143 926 771 172 -599
5
322 707 262 614 481
37 933 -693 -766 -318
6
912 -460 126 293 -411 -90
-709 33 -324 -943 107 -582
6
-316 -953 -880 -980 846 805
59 608 829 479 763 -900
5
-96 -448 -509 739 -243
890 -747 95 897 -624
6
-953 -688 -994 -779 949 -80
997 480 949 898 -83 755
7
569 -731 802 712 -921 -661 -875
-137 599 -871 766 -995 982 -858
3
-711 372 -930
99 561 960
3
-538 218 671
44 69 -674
2
-261 -653
-993 -572
7
837 -297 102 651 -530 -483 -943
453 303 645 651 -524 25 389
6
214 975 -617 866 -968 -392
-845 -489 208 -819 -41 771
8
219 73 -640 -300 398 -40 -311 -2
259 -141 -397 -304 -797 93 61 -932
8
999 998 996 994 998 991 997 997
994 990 993 991 1000 991 996 993
5
-24 -261 -105 11 735
-353 -223 93 -61 613
5
850 745 -849 388 981
538 -973 635 -517 -732
4
972 584 -284 -830
-568 830 -200 592
5
-639 284 -507 -508 691
-809 366 -175 -568 -640
4
-346 -513 113 -453
285 -794 312 -83
5
-206 53 581 -130 -11
-537 587 685 457 141
4
548 624 598 280
798 935 -635 -726
7
663 -92 -3 820 13 -928 446
-10 -937 -451 -791 885 -301 -641
7
810 -939 891 630 -678 -587 641
-960 -807 550 0 999 543 -431
5
654 -41 -796 -376 218
-99 -878 138 929 590
7
-791 714 -940 549 -780 -957 -741
681 -423 867 -963 -415 -847 -690
8
303 466 -103 54 -325 -285 145 135
291 -243 235 -865 577 199 610 803
8
564 307 -582 845 -268 883 770 -738
439 -972 -717 671 946 -915 865 809
5
667 724 -687 339 341
-494 837 679 -694 837
8
538 -873 -728 -680 361 -573 -898 544
680 -999 -431 -453 294 -923 -743 560
8
164 -725 -295 537 -298 -899 195 723
-5 -364 -5 -267 -17 -97 -213 347
8
792 -690 435 -347 226 871 -112 -387
779 -600 662 540 666 -314 -568 -787
7
-410 -782 -235 -865 558 827 -974
-759 -857 -363 542 -454 -903 824
4
965 -805 -903 -759
973 -990 971 -979
8
-466 -113 106 502 -586 -181 169 -296
-816 -571 -607 -597 301 -721 956 -963
8
808 38 -811 908 -821 536 -426 301
-589 -144 -707 -727 -915 -270 -238 -530
7
-25 145 348 -258 683 559 -178
703 965 -38 358 723 328 95
7
979 971 -748 870 894 952 -557
-401 -718 949 -676 705 -630 -967
5
-452 428 -930 332 -436
-134 -533 -604 201 -789
2
-475 680
823 -487
3
64 -313 -282
285 -56 556
3
159 -656 -973
964 134 773
1
915
-348
6
-458 606 -222 137 21 251
548 136 916 978 -516 -827
6
-776 -384 -283 -471 -787 -583
-929 -4 992 -874 615 -944
6
140 947 -925 758 288 -946
587 602 -797 -351 -841 788
8
263 582 -785 -370 -41 -49 401 104
-78 -292 338 879 -549 126 303 -335
3
655 -1000 861
995 -716 291
3
653 609 -4
-339 393 71
8
-914 -856 643 618 -354 -6 -632 -580
-770 939 -854 -876 466 -939 -977 416
1
764
635
5
-892 415 641 -606 -960
987 886 -963 908 961
8
-183 -984 -783 990 684 561 979 -378
-773 749 -440 -641 -722 596 -823 960
8
955 -977 -18 626 -892 227 -740 165
708 939 -867 961 506 448 -127 754
8
35 -893 761 742 -853 -421 -772 -949
-938 718 -572 -659 -622 654 950 -824
8
-933 -625 747 807 964 716 713 -800
-579 190 -830 981 -524 873 -719 -258
8
816 -429 693 915 591 629 529 871
905 460 -678 -884 -446 -426 589 3
4
873 62 422 -907
908 817 219 569
6
-893 605 510 -971 700 -802
-909 -397 -709 696 -977 -655
5
-921 -809 103 -764 -950
-905 549 -811 -605 -969
8
-290 299 105 -36 106 117 432 377
-332 794 -459 -389 138 142 -34 265
5
95 -487 -692 -185 373
137 -512 -188 -576 301
8
753 -77 586 959 205 604 -649 277
-385 497 786 -95 722 -160 730 685
3
-255 635 419
393 -763 -747
8
-426 692 -413 379 373 -886 327 -35
624 236 -756 778 -27 252 819 -451
5
-774 141 919 -985 468
235 -515 -548 -494 818
4
27 456 38 -338
-34 -492 -221 664
7
-862 -971 -841 580 582 -937 -440
966 -626 79 664 -770 847 689
4
655 655 736 961
-442 291 -482 -976
1
866
-756
5
-408 -907 181 -480 78
184 -237 675 529 86
8
516 730 990 -811 447 988 -827 687
683 609 924 640 897 -790 187 -889
8
-982 -416 318 -244 -856 617 632 622
564 -938 -474 -289 -746 51 -719 -445
7
-814 970 -981 931 -778 -878 -757
376 -589 -361 171 903 -474 -957
8
-537 415 -71 812 356 -699 -731 -508
-121 758 -525 -434 219 -303 651 785
6
810 609 -926 -834 -309 762
-331 586 -811 -423 -980 964
8
651 844 889 285 764 -700 799 -338
-781 924 -106 273 887 697 516 400
6
400 -617 -227 425 49 4
-697 321 118 397 -116 -898
5
-111 -711 -586 55 -93
-925 -894 13 51 544
4
-77 -188 781 -849
843 42 -338 -651
8
-512 -688 865 666 913 -947 -892 -944
-416 834 78 -827 489 795 -686 -905
8
475 441 954 25 -577 -367 -884 -293
583 -270 -703 789 140 -855 -350 62
7
-991 758 809 612 -928 -936 -530
-630 836 854 -475 -736 662 271
2
-786 596
466 -108
8
30 910 674 823 508 -856 -710 -783
798 -964 -766 827 880 760 662 -964
6
-756 905 -609 970 -854 145
860 -852 141 -982 -610 -978
7
961 812 -684 -895 96 -793 867
679 858 -817 -176 -843 -640 -901
3
-794 -162 521
-979 593 543
7
783 457 -303 311 -535 -303 -280
327 -82 861 -816 -536 87 -274
8
-445 823 -650 52 -851 158 -354 -910
-643 -283 294 -970 989 444 -652 711
8
350 824 849 282 -984 627 291 -231
-562 397 -689 970 770 -512 498 -707
6
-814 -94 17 915 264 -274
60 481 -146 317 433 -47
8
56 108 -555 -105 -39 -63 -315 0
233 -89 317 6 290 472 781 708
3
-10 73 -457
-78 261 31
7
-624 251 -81 -82 451 -674 348
-371 -235 213 -134 -396 874 480
5
780 -694 223 -728 -790
-708 261 -458 143 -680
8
847 -462 -860 -567 -667 861 932 725
-986 806 781 846 702 949 565 577
8
493 583 599 -566 129 -254 584 335
84 -55 -141 229 -818 200 769 -699
8
503 -295 773 -553 -850 -755 -801 788
-961 945 -293 -923 -169 -990 810 197
7
554 982 -201 481 -195 520 -866
265 -978 -509 -506 215 -994 -477
7
-288 -650 -274 662 -931 -656 913
774 653 961 861 136 -635 -948
4
-938 742 -347 -612
-733 735 -514 -413
8
-252 -739 946 -677 774 -795 513 446
-240 900 -100 -595 935 964 -887 760
8
190 -203 246 279 -394 -296 725 808
-950 -657 -617 82 -998 -994 -559 929
5
-756 -566 665 -372 738
812 605 625 -688 789
8
243 -306 858 -53 52 -996 111 222
727 757 281 -249 2 83 -35 -238
7
-259 921 -755 -874 819 -897 966
961 -26 -792 784 -557 655 346
7
-306 -858 -120 730 745 -78 743
-401 344 -872 -183 -830 -964 -547
3
279 -865 -819
-163 -54 -200
1
500
234
6
855 -997 -777 -666 655 45
-373 -611 -618 711 -98 598
8
208 290 -614 311 -536 -67 -675 -273
38 -85 227 334 -248 -62 15 410
4
156 18 -738 539
-644 -764 -162 -779
8
-153 886 -65 64 231 -210 307 -640
36 -244 -580 -654 -212 874 162 0
6
-189 -823 630 253 925 -17
-160 367 411 315 -188 -430
8
-724 -306 -743 -52 598 401 -393 -81
910 -70 663 -602 -581 778 602 109
2
-2 286
-397 516
8
-881 543 -324 -528 -407 458 443 772
-857 -888 783 -834 964 846 804 -457
5
561 957 -671 -650 945
-151 -586 -111 250 -868
8
-723 276 -975 -820 868 631 -805 -999
-728 -582 826 918 328 347 834 463
2
-69 -858
-854 -742
2
686 915
998 326
2
-957 -632
875 145
7
835 130 829 914 548 606 801
748 21 -215 201 -875 -752 -356
4
765 -531 498 -986
691 573 -834 -660
8
-140 370 539 -451 -209 -809 -629 531
823 839 -988 -691 707 -884 152 642
3
-1 667 -228
-207 27 -29
2
699 855
-286 -621
8
-665 713 661 731 -224 564 -798 -423
721 -73 -753 -575 -743 517 -166 -663
1
563
652
8
-796 947 -706 11 -336 -173 489 243
-184 128 -40 -413 290 150 -97 -23
8
130 655 51 -923 -43 830 -847 -245
-154 773 727 768 61 294 -376 -152
2
-885 410
-430 -505
5
-432 69 948 -694 -839
57 -30 918 -332 582
8
-582 301 -779 -88 -15 566 -124 963
290 282 657 243 -63 -472 -760 558
5
-626 976 -955 -657 -843
248 -846 357 -622 659
8
-930 -112 634 -756 357 -315 100 661
-234 -642 -625 934 782 968 -106 497
8
243 -327 -93 609 31 553 -367 -685
-92 -32 8 85 302 251 380 352
1
-6
-154
1
230
368
8
390 363 -842 917 -533 541 -677 951
55 -652 987 456 527 -706 896 -126
8
54 237 550 218 103 296 229 -746
616 -110 184 122 -652 419 812 347
6
831 739 -466 -908 -540 407
808 965 763 68 441 501
3
-817 -186 -35
336 -331 83
8
-333 329 -354 712 -242 -50 -381 716
213 188 -767 -563 -388 754 -257 872
8
665 -645 -342 -400 -50 -169 -130 -682
-235 -217 594 -561 205 -249 190 690
7
-918 910 -975 171 -846 364 -896
-211 -946 -607 17 981 905 -510
7
-907 408 493 -718 -15 814 -9
-782 -791 656 621 -373 801 -419
5
-401 -480 647 -269 -545
55 274 -520 40 53
4
-60 396 84 -162
-301 -139 -560 543
5
-896 -684 -892 999 -970
686 227 -333 -656 906
8
-829 489 -605 -115 -463 -666 -617 507
-744 954 266 723 863 -385 -56 -751
6
-252 -105 686 706 -961 872
741 -758 932 -970 -471 672
4
211 979 389 -989
-750 936 -831 467
5
672 -242 -419 94 762
-670 -734 -848 -980 73
8
697 -416 -737 214 -34 -91 -322 -375
496 27 972 -179 679 -271 547 -329
8
-757 -66 642 -378 -924 381 994 623
298 -238 -667 -502 -914 175 830 -164
8
729 722 756 -708 -858 646 772 606
-318 -190 -887 -623 -895 -325 -552 465
8
932 281 803 -199 -688 -832 -458 -604
-666 790 -142 -830 360 401 -895 -491
3
-984 558 305
-685 246 -602
8
763 946 -501 709 -500 728 -737 18
-174 -101 565 382 -989 -102 538 500
7
869 -954 672 -828 -751 690 -29
794 553 909 -999 -181 811 877
7
807 926 -540 478 -582 -202 -430
237 831 -345 187 810 -903 721
6
318 141 746 309 -596 -617
-925 517 -349 916 -550 -777
4
779 -262 624 -876
-295 743 -981 -786
1
-399
-717
6
283 146 -107 -550 -272 39
-170 757 253 -335 651 3
8
-594 -264 182 538 -47 11 345 261
-585 23 -88 -136 83 836 -390 -84
8
-991 -993 990 -995 -993 -996 -1000 -991
-999 -998 990 998 994 999 -996 -993
6
-791 -946 -882 748 519 -935
792 452 494 -448 -924 422
2
127 798
12 774
4
-677 208 631 -627
-330 -188 -482 584
7
143 -373 210 -670 -741 904 -748
433 -788 -108 -270 -991 157 918
8
-543 -278 931 927 962 -870 534 -575
-962 -671 -530 -734 -486 -633 157 -641
4
-921 -627 -730 -980
-535 875 237 776
6
639 -598 862 -398 929 -705
-916 704 -778 984 -639 -474
8
325 615 261 -720 -532 -650 908 -555
633 874 785 717 -818 940 -803 -813
2
797 -482
-702 776
8
-823 797 -857 762 252 957 153 532
483 548 320 215 -813 -968 166 -866
5
753 -405 422 946 -76
-754 -205 598 573 -92
5
-944 100 496 -552 -181
-214 377 272 -456 -29
4
646 85 98 149
-75 957 307 677
4
-829 -239 -572 855
-972 -478 -861 707
5
919 692 -75 622 -917
966 -866 847 768 803
4
339 -734 -919 260
57 -696 -902 -655
4
680 -184 -575 -55
-825 -707 -74 -39
5
-851 511 -901 -458 591
-99 -807 -236 -981 635
5
-970 -413 -883 -708 998
-519 791 -708 -879 -709
7
17 -502 -788 49 272 537 -71
147 255 -321 481 156 620 -66
1
460
-336
6
-821 -970 -802 505 -376 352
-973 868 -938 958 777 -203
8
828 -430 -862 449 43 -85 -112 -995
-824 986 -766 -168 -623 651 -537 685
7
-694 -259 404 289 -621 427 868
138 293 -252 -448 -543 570 5
8
320 931 845 183 386 -648 769 895
-903 -711 -994 -125 927 309 181 -448
3
422 -544 859
-880 399 86
5
-878 2 -579 -886 -841
-650 -748 954 692 586
7
487 -857 996 -516 -781 -756 -835
203 654 -977 -783 958 624 437
2
-340 -416
-639 -578
7
-983 98 159 833 -319 837 773
989 714 -491 829 -493 -129 -216
6
-616 -72 -508 783 671 788
-358 855 -490 -607 812 990
6
-550 -271 -726 -992 -342 64
-503 -900 266 67 51 372
7
586 688 805 149 488 29 -309
327 -513 135 -846 -585 -544 852
3
899 605 768
-908 376 -969
8
-315 -74 -830 -312 247 -581 672 493
115 97 -574 172 891 410 -362 -84
6
-732 -11 310 -739 -165 424
134 725 -197 786 -642 -771
4
423 580 -543 573
-413 983 731 -818
5
919 609 91 184 -998
-876 -974 738 801 -620
8
-995 88 84 -76 250 430 -463 -129
-836 -213 68 -109 -699 -542 633 -86
7
269 796 -825 -254 113 -159 516
46 -727 344 910 692 -139 -268
5
657 980 -963 852 -962
-914 821 -383 -965 851
7
-422 -335 792 -480 889 -574 -427
868 437 -672 -894 696 88 -298
7
-786 600 872 840 -879 -968 -707
655 -474 579 967 812 849 -4
2
187 -426
-267 -38
5
-15 763 695 -940 -738
-174 -583 -830 751 -712
5
277 -561 -725 -218 -339
526 338 143 51 856
7
397 -4 717 905 470 -928 -373
738 540 814 690 481 823 960
6
-961 -244 915 593 949 627
-414 -829 593 -739 -896 -945
6
-927 781 423 -826 -907 -622
-806 644 935 -46 -766 -957
1
-924
726
7
824 -958 -244 179 76 -149 -6
731 111 -381 -9 -962 -4 22
7
592 779 -8 699 972 -958 678
980 -25 757 -747 666 833 749
5
-550 -833 -612 -300 -131
34 963 -826 862 -282
8
-236 271 -28 691 -223 -192 24 -388
-252 -920 497 406 144 -227 -194 -114
7
159 911 -212 -144 384 422 214
195 474 5 -222 100 -839 -97
3
115 873 -697
914 724 -996
7
609 719 474 -85 981 -566 528
-947 -625 -656 -818 290 614 -757
5
835 -894 -818 672 965
708 -603 -171 -864 -953
6
-268 711 492 866 -933 431
648 -661 953 732 -747 -559
8
894 -427 416 -318 667 393 -551 43
729 -25 -74 -9 -105 -131 31 -923
8
-538 282 319 -499 -582 -670 56 -238
-670 334 850 -684 -555 -171 -191 -703
8
-921 -813 544 -919 341 551 -237 -482
-823 526 654 -927 535 955 -958 790
3
58 -337 457
-489 126 298
7
771 -422 -899 -599 576 -693 -458
876 -464 260 -587 937 921 -790
7
24 617 -185 869 794 -817 924
963 -536 -660 -912 -951 685 -661
6
751 251 -487 -703 -505 34
-778 -610 -961 867 924 -729
6
-417 -168 794 -540 -466 -653
-927 951 -950 993 -608 -114
2
-32 108
459 -166
6
818 -940 -783 561 -615 94
-965 512 -59 808 624 -821
8
959 -867 -820 801 -949 874 908 -978
-499 58 -661 -913 -323 730 868 -659
6
-93 45 20 -627 48 -504
725 -869 -314 53 263 -646
5
-913 -890 928 -412 -865
-764 738 435 -845 -960
8
-981 -563 908 622 209 -884 -421 976
-679 401 -709 985 929 -853 -797 847
8
504 -508 -565 910 751 -486 -809 593
959 673 212 832 -952 -501 784 -733
3
-766 -351 775
731 999 371
8
-916 -617 -419 983 -866 828 584 -708
-885 640 -858 -947 -989 817 -500 -462
6
-607 -595 -738 842 142 -313
-121 -19 214 -779 796 -536
7
658 800 710 975 159 995 665
435 -779 -747 -615 -211 -754 369
4
-745 898 348 -958
902 -18 856 -228
8
920 772 -567 -589 -351 841 -380 -601
-585 -984 -209 687 -909 -748 664 876
4
356 -810 -621 473
988 -927 986 770
4
869 -20 -262 41
162 -207 247 -282
4
-239 481 69 862
449 -614 639 -373
6
-770 -123 601 -546 767 -336
860 638 938 -27 974 -320
8
-942 -464 -55 -84 -698 -704 -555 593
372 -533 924 258 -653 785 506 -564
8
946 251 -712 -907 -842 985 -896 -904
934 889 700 -525 -338 -721 -293 893
8
114 30 -75 601 819 -19 -235 -576
256 659 -283 276 -778 450 424 -159
3
490 341 -362
-105 -373 797
1
-833
644
2
888 562
839 -798
8
287 287 287 287 287 287 287 287
287 287 287 287 287 287 287 287
7
205 -619 365 -103 -142 -233 -266
925 115 369 -187 445 -385 -245
4
453 462 501 594
583 -948 419 291
7
-965 791 -480 674 -810 892 -689
760 889 -267 993 762 -246 790
8
-947 -503 -340 987 865 862 -549 -176
747 981 642 -259 -821 -170 909 881
8
-1 -1 0 -1 0 0 0 -1
-1 -1 -1 0 0 0 -1 0
1
-565
-467
7
-282 -619 -587 72 772 -819 -410
-963 524 601 -563 733 975 22
6
71 -787 886 655 978 -834
-979 604 -809 -668 982 891
3
840 -780 458
821 -685 358
7
370 -94 -159 -59 -1 91 -139
-451 -94 -384 11 461 111 -264
6
-148 -249 -316 524 17 -967
-252 6 328 -604 -995 829
4
509 867 -456 -416
-959 556 939 830
3
466 -555 -337
428 287 725
8
-640 -973 -965 168 269 734 787 952
-906 963 -254 788 950 581 809 -578
6
366 -988 -939 -914 613 780
919 -325 900 -665 -114 21
3
-626 -978 -966
-982 -838 -407
8
-345 459 298 646 880 797 -428 -946
732 882 -48 -277 886 -759 -587 858
8
402 -138 -165 -331 561 625 -240 764
-94 -865 -713 -237 822 352 542 -631
3
-74 -906 -199
-907 -761 -650
1
-759
-434
7
200 812 815 855 -490 -629 14
-396 231 -427 -236 -485 945 154
6
-432 985 -875 -591 -902 547
959 490 247 350 919 955
6
614 893 781 403 925 544
455 -649 -705 646 768 -782
7
814 -865 759 246 832 558 -998
-285 530 894 582 922 42 -271
5
700 -972 -606 -535 -924
-966 460 -404 -297 -789
3
836 -836 -171
859 606 983
7
-868 -953 -652 967 -260 -657 -625
-978 379 -766 -736 806 883 932
6
858 -829 -465 -538 407 -715
743 777 617 -965 967 854
8
-734 605 693 -741 -707 840 -139 461
650 -286 49 226 -377 318 -433 -235
6
-958 399 -880 -130 -993 -985
-881 -590 803 -783 149 455
6
-892 -324 951 207 821 -175
-177 -922 -122 397 -126 -616
7
-224 296 713 -23 30 540 148
217 328 979 982 -685 -108 -731
7
516 590 -988 -469 -668 836 -762
860 -399 -521 -679 -815 -814 207
1
-681
-804
7
-494 -839 -962 -712 48 -805 658
523 654 68 507 -853 -983 -881
7
-137 -363 697 895 453 -585 74
-91 -371 253 337 808 -924 -411
2
-779 661
-722 -454
6
976 -210 -393 801 26 -331
-31 -668 643 233 394 814
1
-910
890
8
981 -841 755 -772 -177 -883 -484 -427
-153 -253 -883 277 426 929 -991 553
8
-987 -831 705 -564 -710 725 -803 -442
754 999 -47 407 -826 861 960 743
4
-764 516 754 -795
123 433 977 -911
5
946 99 -916 565 924
-641 821 -690 985 568
1
439
947
5
830 -767 578 -815 -807
-420 -689 317 827 -803
8
67 2 247 115 -645 -114 193 514
-825 -235 365 -287 -822 -89 -72 -134
1
863
699
8
-489 -255 83 806 -682 -211 960 -10
-482 724 -279 949 838 -939 364 393
6
-849 750 -985 845 922 736
912 -779 -931 -354 882 415
5
722 -953 459 -188 -761
856 -399 -503 458 531
6
-119 453 -497 496 373 124
111 -901 -472 -794 589 -157
3
697 -734 359
655 -913 419
3
535 -48 825
801 -74 985
3
-670 -49 -698
868 -118 348
5
-166 -438 -29 -765 85
-706 307 178 -28 107
4
-47 37 -788 -70
-545 -74 -705 -652
8
706 783 -596 887 -916 516 -974 654
459 -959 -307 916 -685 -484 787 657
1
700
-236
8
876 297 467 696 -627 -433 -792 677
-604 -816 951 -774 925 987 640 -868
8
-832 937 177 757 -364 -918 -606 974
712 -783 237 -398 681 -571 -556 720
8
311 770 783 -756 716 319 -940 534
-886 -947 -979 775 981 -798 -738 -346
7
-49 -895 858 317 679 490 956
948 164 496 -658 -636 511 582
7
-477 406 -790 400 89 -274 248
347 -83 -56 828 -17 -263 -363
8
-592 936 -888 798 441 406 -696 -976
894 938 -965 -722 328 815 907 -222
4
-982 763 -181 -455
589 183 -598 5
5
965 -932 -746 -991 -997
855 -828 -917 804 -674
7
156 651 290 299 112 -885 895
73 -607 209 -562 844 734 -164
8
563 -745 -146 579 -849 -993 894 -759
833 -941 909 557 -843 -889 -949 -930
8
-39 -990 593 713 685 -616 560 246
-96 -181 -292 863 -66 -107 785 164
8
399 245 -136 612 -655 948 529 607
803 971 -897 -901 927 921 631 -239
5
-952 317 578 -811 -770
-386 -220 -249 -720 -615
3
107 -77 616
868 255 -751
8
-309 6 -392 468 195 39 160 972
86 -545 -542 -57 29 570 -356 75
5
-694 -372 -806 846 -520
-938 321 -46 -885 83
8
775 941 -579 843 -809 346 469 775
604 972 363 901 753 655 -811 -696
8
30 381 -426 139 -322 269 111 949
475 -84 20 743 866 -56 -1 386
8
-509 559 -403 753 -253 -786 -234 726
137 951 918 -528 -740 -737 364 -790
8
452 578 -459 446 935 -868 901 -669
529 653 369 -118 -345 -803 459 916
5
-735 -905 626 -455 -262
580 916 -950 842 199
7
770 552 512 -820 -960 118 -226
-964 -896 -909 -917 912 999 -786
8
501 -869 -892 -936 825 -191 -968 -669
-643 225 -990 716 71 -564 857 -636
4
566 -414 721 548
-688 -889 -247 715
2
-845 796
722 760
5
-431 643 786 -972 -618
-483 775 -865 -587 905
7
790 -717 795 897 -890 959 883
170 675 -783 -827 -941 -611 -924
7
773 -524 -520 869 -980 554 -923
618 848 -550 464 668 739 -504
8
691 -539 69 833 -398 -561 866 101
344 81 -120 311 -1000 -922 -7 859
8
900 990 -998 -176 863 -928 416 895
-899 -794 994 -748 607 -727 -991 -727
8
751 -929 875 -806 -672 967 249 841
648 509 859 545 580 -937 420 -846
8
-606 760 -944 741 -540 911 -613 -654
-928 -553 -835 -787 769 -944 -217 845
7
285 -519 -84 -788 -600 -617 510
867 694 365 926 -267 997 742
3
558 -67 152
-134 -549 -409
5
-899 -412 145 -280 733
165 530 -998 -785 129
5
361 -936 -968 -964 -887
744 557 755 -149 -806
6
-968 121 544 269 -677 578
-692 -571 -749 45 -865 -601
8
-535 613 147 103 962 -198 -219 618
-433 -248 -581 -868 139 727 208 -538
5
-546 583 422 -848 671
112 -740 -931 -198 474
1
69
15
8
503 -78 -589 613 -724 -429 251 680
779 210 -88 -947 -973 -624 -57 947
8
-926 889 782 -533 -159 -641 949 735
706 695 -881 708 459 -937 456 270
5
-357 447 -930 -758 -452
-321 -79 570 473 666
8
44 288 351 369 -793 208 799 57
-901 -814 195 80 952 493 -999 -456
8
53 -207 -290 447 385 -627 292 -456
270 -274 -440 -156 -618 314 21 -362
5
-988 733 831 -946 -117
-738 -977 -608 945 354
6
192 331 489 103 403 422
-289 -145 23 -28 490 52
4
967 612 -682 837
-912 381 -774 918
6
-979 65 475 -161 -171 -160
-133 397 -735 2 516 801
4
572 -744 -275 -983
914 401 59 -987
8
245 675 -16 775 -98 -242 -706 986
839 -899 -220 827 -455 758 96 314
6
-367 -425 -591 195 -332 -919
-780 -814 -954 453 376 448
6
917 977 643 501 36 413
-873 804 -573 225 -13 781
1
-89
-343
4
594 -767 71 785
819 982 822 813
5
87 -323 262 374 249
-212 -279 415 -139 -80
7
682 432 839 974 -690 659 737
-390 542 272 -969 -189 -465 -947
5
487 778 881 598 -829
-925 647 -350 -511 -802
7
-371 933 841 901 341 232 951
-732 515 991 447 -590 731 769
2
128 -1
21 187
2
849 -825
-386 -675
8
941 -729 722 851 925 388 560 -322
444 752 472 -101 -474 586 887 -984
8
-915 660 878 -961 546 664 -72 929
893 868 888 616 249 455 -760 -631
2
-842 738
425 -559
7
991 -842 -515 756 306 842 688
-295 797 232 493 768 539 872
3
734 -599 -560
-863 224 496
8
-736 778 -629 -63 880 -900 828 907
-904 894 901 -470 843 487 -953 -310
3
286 931 943
-750 250 -904
2
751 -281
-123 530
7
-39 371 328 -141 -552 -636 -183
352 -353 -348 -519 729 -41 -936
5
937 924 -463 -594 -599
480 738 693 -268 -371
6
183 -50 -234 580 -236 597
726 -835 -361 951 -266 453
7
540 536 106 -799 -493 674 40
-371 -520 -551 872 100 439 -44
1
727
-384
4
965 753 -605 -927
-582 273 43 980
8
-167 572 -765 845 278 -227 409 118
692 389 211 -11 -658 -175 -504 857
3
-938 -934 -946
355 -722 -703
5
-142 30 711 194 127
267 -213 -683 -955 -9
8
-922 633 -857 301 443 -862 744 -859
943 545 800 -604 830 595 902 -268
8
910 -382 -911 210 882 -469 -282 -581
445 -401 -524 -929 -215 -953 836 880
7
500 -128 649 94 204 -709 714
507 15 344 10 1 276 229
7
-283 991 891 5 -950 -855 924
-552 -800 -635 -642 -337 -586 716
3
-730 -793 897
788 55 -728
8
-340 -709 406 -848 -684 548 -644 -322
874 700 -537 -33 634 644 -732 -428
2
567 -915
-614 785
4
723 807 -391 328
-543 -959 -505 399
7
-690 156 -299 -173 615 698 -55
130 936 120 605 572 -922 518
5
963 -71 -523 553 -171
401 -339 -382 -747 635
8
321 631 710 344 836 995 699 -865
-109 317 262 -832 -581 -113 752 14
6
993 -871 727 -369 417 701
622 223 820 571 -206 -132
5
122 -538 408 745 -900
-888 684 557 -49 -618
8
82 971 12 989 934 297 -496 970
-825 653 698 -197 268 -862 -944 -981
6
-656 156 -563 342 994 917
-637 953 -626 777 -848 513
4
-85 188 -284 160
807 29 -194 -16
8
-825 796 252 -884 -967 186 131 884
437 199 -2 -388 844 -853 527 937
6
541 -994 908 -273 907 896
-137 685 283 -984 -948 987
6
302 -819 -899 381 -136 -925
-267 -638 -218 753 -816 56
4
-549 -963 -542 -604
-711 839 392 65
1
481
-391
7
-544 -129 -789 -393 797 -632 353
515 245 434 537 -741 182 150
4
699 70 267 526
-607 -12 -296 -559
7
543 652 -286 0 593 -729 -543
-725 -737 521 -377 -607 -994 -329
2
-442 747
609 910
7
-815 -252 -980 -847 566 -582 643
-160 -147 -793 -841 587 -477 896
6
-34 -872 -435 -2 423 -257
198 29 -601 76 -602 -877
5
569 -939 -488 -813 677
256 -764 -524 -830 -413
7
294 559 913 563 130 549 135
676 42 593 -587 -135 -723 -873
8
-560 946 135 990 -355 455 -700 -413
-402 966 774 -661 -802 888 -901 -914
4
-790 -720 -62 882
-801 422 126 731
2
431 93
-409 -789
5
838 467 -833 250 683
-783 -405 -985 724 959
6
886 -549 -914 -17 -761 -488
-972 414 -865 -949 -831 984
4
-543 -659 382 -502
236 790 -95 -593
5
-799 490 762 941 -27
-905 -811 -999 -955 868
4
-331 598 387 -819
79 -181 -463 241
6
615 980 659 702 -33 -788
-811 78 -432 -823 553 -966
2
-952 426
238 -785
7
267 892 957 919 -428 64 -923
-863 -346 114 866 881 -694 45
5
384 719 275 -862 -96
-563 45 6 -38 -987
7
-674 -933 -903 876 981 225 -924
-768 978 -388 -390 -596 632 399
7
-607 981 806 427 951 -295 765
870 -921 -602 -942 -890 -142 736
7
101 -560 -100 -857 -507 -675 208
-129 362 445 -909 -440 204 288
5
615 65 730 35 502
775 -267 735 -619 158
5
823 405 -850 -191 337
267 -431 -140 -151 688
8
295 118 -894 -272 504 782 517 -676
-982 -125 -326 -624 252 -474 772 -469
5
365 -924 -260 -947 -805
138 -990 -575 514 -226
8
-910 643 776 -884 -635 -663 220 495
688 -750 754 -991 186 870 -786 -928
5
544 -221 -719 494 904
-755 -130 -662 505 -814
6
683 779 248 -814 210 -935
798 -986 47 750 487 -43
7
-454 -988 669 744 884 646 -844
-958 -987 -606 975 675 665 -462
5
-942 479 401 815 -907
-827 -851 232 26 -893
7
-352 984 721 801 107 -198 442
453 -965 -100 365 773 900 -918
6
-483 -745 -125 -879 -855 -601
-60 864 987 -918 -12 -963
4
562 -298 933 843
975 -529 852 770
3
435 475 -415
828 980 -756
2
210 995
-744 66
7
-16 330 -408 -838 -402 -383 789
-980 -855 -529 594 251 856 -410
6
-537 -583 256 -257 197 -563
49 266 -206 587 -789 184
8
566 -59 497 -926 -338 539 532 435
812 -166 -798 -233 510 816 487 -177
8
-683 6 646 345 -620 -874 -48 249
-240 658 -240 35 -265 -131 422 222
6
862 -577 -311 111 447 935
-411 85 367 313 303 -948
5
-335 685 263 948 -408
122 626 -620 -88 911
6
738 656 -761 576 -69 -401
916 983 504 -621 682 -315
4
910 240 -604 784
408 -788 861 -619
7
-2 166 88 -354 -956 72 -99
-884 -220 -980 56 195 -539 -65
4
-499 -28 -504 566
-263 -620 46 470
4
-958 406 -122 -857
548 962 751 786
8
-147 600 892 12 156 -893 -759 309
-25 -219 264 284 -163 967 -99 -250
8
763 -416 -766 -646 -250 868 -810 488
-888 -459 470 814 438 14 961 -695
8
988 374 775 -822 -230 -884 -216 511
756 -132 334 -882 -851 698 -627 -800
4
-889 884 -943 975
304 -765 998 147
8
-452 14 -476 -381 -5 903 57 101
-590 -84 548 165 24 325 194 427
7
993 917 -589 943 -822 -840 -984
661 -884 535 -971 332 -837 787
6
612 956 -415 728 862 -999
275 -289 801 956 803 -550
5
568 -503 -900 -888 459
10 826 -266 647 -859
1
905
909
8
-389 381 353 483 -587 199 183 294
779 -197 492 113 584 -290 757 -77
8
-209 327 874 569 920 -925 632 -638
294 503 732 -553 -970 957 754 803
8
794 -833 627 -248 -421 -188 -930 -106
761 57 -45 87 -755 -554 57 -938
5
796 588 800 862 -125
270 -685 -590 -526 -967
8
968 256 297 887 -449 -243 496 -543
497 -262 637 272 -315 815 964 818
5
-959 821 -835 562 -640
-873 721 -864 382 885
4
85 -984 537 3
496 -72 -921 159
8
41 832 -935 -341 -51 -301 -476 546
-715 -215 789 598 192 -386 -973 667
6
19 407 21 148 804 674
-919 -236 266 -62 -283 44
1
418
-317
8
-761 -882 596 344 308 -475 126 469
154 -291 -934 -952 -505 -726 606 -788
5
87 -756 478 -666 -924
-415 -891 -904 410 791
6
962 -596 196 860 650 -141
-981 -887 -960 -377 -675 -679
4
-331 -502 -638 -139
741 277 756 234
6
289 562 951 -888 -532 961
808 -920 200 -763 446 985
4
1000 89 74 -529
-698 700 -258 679
1
660
-937
8
163 -601 -55 -406 -9 -903 -40 368
-106 903 -614 -805 -91 92 -686 43
8
766 613 -500 33 -433 155 -8 -193
693 -966 -873 -237 -9 784 -778 858
7
603 48 989 189 371 -691 -253
997 997 611 753 908 846 -824
2
-625 -629
684 -632
2
484 7
-853 741
3
752 758 446
396 -919 565
4
731 602 -377 681
852 -664 357 -52
4
556 -974 915 -819
491 53 -389 304
7
698 -891 -571 380 -730 148 -465
-539 861 -335 217 559 -231 -427
6
35 -142 151 -39 117 -648
252 -18 -141 298 -941 127
4
-792 282 175 328
-805 931 360 608
5
-629 459 991 695 226
-269 756 -700 19 363
7
896 -862 903 -233 997 -999 -901
28 396 -915 475 815 912 -584
8
-435 -298 208 662 -41 976 -49 65
-436 -87 -253 975 -46 765 368 -465
8
-665 -238 37 429 469 461 -990 819
-482 -632 275 -63 973 60 -356 71
6
628 365 -664 -768 -326 -763
870 -509 -803 -608 -205 -191
4
445 588 420 702
-695 262 -981 695
5
-727 -995 534 839 -996
376 -978 151 -574 179
7
487 504 -881 -999 784 -214 231
-658 784 -269 -566 261 -992 902
8
409 837 614 345 -552 -319 880 381
1000 923 -474 -76 964 629 -813 263
5
-907 -622 -778 -937 356
563 -857 332 -835 753
8
-439 740 985 -115 -819 -862 -564 -814
-887 -830 -389 454 -675 -57 917 -38
6
-60 -333 -966 -361 -319 -21
661 -331 37 -296 -33 -96
3
-799 460 753
-962 -119 991
6
700 703 924 725 991 787
-989 521 -936 -855 914 782
1
-246
-643
1
-104
313
5
-202 -830 -836 -309 4
-216 995 823 -336 -139
5
819 866 -299 -399 203
484 -786 501 109 75
6
889 -612 -840 -453 62 -990
816 -955 -750 375 -183 149
2
-518 681
831 281
6
-742 932 655 735 995 -992
247 -366 792 983 -806 549
8
-689 -672 -165 866 -199 -687 887 -997
505 -121 -779 -789 954 -908 -37 -692
7
489 872 829 679 905 -256 -263
-857 -654 951 263 985 274 -846
7
-122 -504 677 -358 -140 -399 249
216 187 -604 848 332 -146 232
8
244 -918 -405 315 815 -201 -914 -467
421 988 689 940 -559 -652 -743 127
6
-740 -904 -669 998 211 -138
841 -805 -892 938 178 865
2
947 968
-897 -577
7
358 -547 -289 820 653 -412 -941
-276 826 772 -270 -281 872 292
7
-640 -740 -568 592 841 -605 884
311 928 198 801 -415 147 -872
8
-906 630 -879 -839 -974 -244 521 864
787 -957 -985 879 971 973 -252 -493
8
980 -950 413 -820 845 -218 -964 872
-730 612 902 904 -889 -706 -945 -571
2
773 957
617 -821
7
848 -64 12 -336 871 -802 -680
-52 294 198 751 760 -820 697
4
157 714 352 127
680 26 473 24
6
-630 -938 656 698 -506 71
550 570 -698 953 802 -795
7
-676 965 -712 351 990 -966 720
784 -890 576 -404 -793 388 -823
8
-139 -132 778 754 98 357 -543 919
-185 -901 -707 268 189 -203 -938 767
6
605 -560 -943 984 -593 891
-900 245 741 906 351 199
7
-612 737 105 54 459 -153 -58
564 721 -289 -45 143 -601 115
5
816 -808 266 784 406
778 140 -14 74 671
6
-960 -388 -228 -930 287 -34
-899 -140 87 751 -918 253
6
-940 913 715 -566 -907 680
906 -675 291 920 -912 -651
8
-424 -210 183 6 -15 72 -314 -135
-135 293 337 -117 -132 0 -92 378
8
-912 849 -539 487 346 -965 -69 -471
-970 531 933 926 -606 -821 -436 389
6
-573 -255 40 -172 -118 -515
325 364 -34 -316 -123 -476
2
114 -406
-362 715
4
800 -666 960 -638
809 992 961 869
5
924 343 -715 -552 266
-489 90 -290 382 557
6
413 987 614 -524 869 -884
-592 909 421 -432 948 -640
6
570 -530 771 805 354 581
-949 17 984 985 -625 -628
6
-366 320 372 -646 -762 143
-295 897 448 -949 -332 -23
8
-986 -259 966 -983 -841 984 -391 -479
887 430 833 874 856 -978 -918 796
8
-46 -574 242 -633 -489 867 -563 -954
850 -813 -836 -639 854 -786 943 -753
2
-432 -848
-551 -285
8
899 571 -213 -598 -997 -925 242 -566
975 -662 495 954 -925 -784 -983 415
3
173 769 -516
332 -145 592
8
-692 584 -175 767 -749 -976 718 303
585 -959 609 -299 -653 -810 905 -548
3
-804 -339 620
943 877 1000
8
661 461 -949 -50 -842 825 -456 -933
556 -532 855 642 -473 -170 469 93
8
-793 -792 -598 924 723 -978 -458 261
962 814 844 959 651 967 10 326
8
-5 847 -774 -756 670 -587 -535 771
-498 -477 -1000 -697 931 -653 -791 286
5
-645 380 -79 314 -89
934 -787 -595 802 104
5
947 -383 993 137 439
-143 -925 556 273 -447
8
-924 821 -969 -778 307 978 -17 326
-788 -742 -553 -16 443 650 -16 -606
6
41 -445 -622 -254 -196 -170
-644 -184 -212 -12 -56 -143
6
532 76 805 413 -519 147
133 330 -209 331 408 96
1
-742
-661
3
24 -19 300
-114 132 -252
8
762 -995 -302 -280 899 -272 -757 -688
-824 807 -783 905 -523 -550 -922 -103
8
358 -941 -490 -305 3 -425 934 784
-871 410 302 -406 814 -230 -629 979
8
175 -470 -150 266 49 -44 300 68
668 -133 20 -662 392 -669 53 -67
8
390 -669 -298 -557 861 292 -971 -967
-556 -427 339 837 379 951 785 -457
6
808 -865 989 465 -947 -938
-84 370 -204 -103 768 -990
3
-976 910 -805
885 -950 -572
7
982 644 619 766 860 304 373
507 667 421 -721 -667 867 -781
2
-615 14
-902 -608
1
197
662
6
-821 -669 655 -746 -741 894
-426 -541 -938 963 642 -517
8
796 -777 -916 292 682 -740 489 -251
-844 555 382 -938 -626 994 789 -564
8
-617 -375 -369 811 509 -126 698 -644
570 -432 454 527 -120 -467 -791 930
6
657 554 809 -821 883 -452
-804 850 308 -949 733 221
8
-219 -347 -68 175 482 406 620 -691
96 -455 50 -16 -90 132 -229 832
2
960 543
761 -908
2
-492 -844
-906 820
3
-863 -813 -121
-646 773 969
5
-933 -800 -421 -793 662
-518 713 701 199 963
6
632 -621 192 811 -894 939
854 -793 338 -927 140 -786
3
-981 812 913
-230 869 744
6
212 -585 26 -719 -212 -429
920 152 -817 -762 -435 681
7
200 720 496 -181 182 -271 -817
-67 504 -365 -532 -535 -727 826
8
-996 -249 -19 -352 -997 495 660 -682
-42 -781 45 829 -405 -205 -403 689
7
-901 -694 379 630 691 444 178
-693 896 936 758 -321 519 -883
1
-921
-790
6
981 -367 -428 -847 -283 -944
-808 -914 931 903 809 -976
8
-620 853 515 -704 419 -443 252 -679
231 -549 -616 1000 914 886 19 463
5
524 -619 820 904 -818
909 -591 291 938 870
5
-380 -826 -691 -673 -957
-808 767 949 838 200
4
595 -182 10 -9
84 -528 202 45
7
952 194 -304 -571 37 -383 349
324 -151 682 815 -945 42 -483
8
-958 -626 344 589 921 -761 949 645
546 -825 -171 634 597 990 774 33
6
-813 409 945 700 -987 404
-958 132 -886 -87 842 463
7
880 969 279 -437 487 -257 -371
-517 944 808 -44 683 862 974
7
30 624 -550 -109 -537 54 253
-241 384 786 877 78 398 462
7
-722 763 293 662 726 854 868
-920 -816 758 440 859 -173 569
8
589 609 -900 798 818 -970 -789 -535
-744 661 -761 -540 -438 -126 937 598
2
224 -733
-761 581
8
-848 -823 -298 -772 -479 -271 959 705
-763 798 813 788 -455 -945 -566 -578
4
-897 -838 -588 946
497 -756 -476 794
8
447 954 390 -530 -827 196 325 862
991 482 492 -162 912 151 903 12
6
171 558 -429 -626 844 -235
96 282 -223 -233 242 -454
4
-878 647 -623 892
-552 326 996 518
8
-873 127 356 -960 534 854 -823 739
650 279 -189 526 -474 -483 656 357
7
876 -852 -701 -633 886 -815 -951
-956 -80 736 527 -824 -867 720
4
-415 -804 -613 -100
254 -795 531 -415
8
628 308 -774 -577 -960 465 322 163
-868 121 153 -596 -282 -75 981 540
8
883 904 426 592 950 736 370 584
846 -482 386 -469 348 385 -999 -600
5
319 889 830 455 206
-498 541 892 -965 -899
3
222 10 -732
343 13 212
8
-728 130 -499 389 27 446 -896 312
-542 -10 500 -335 -360 -145 -91 -226
8
-893 -907 -858 844 482 -474 90 -898
641 -691 -232 -528 480 -56 -667 975
8
-845 -232 827 863 -873 -878 416 -243
-843 473 775 -974 -667 -211 -375 -263
7
-748 539 618 577 234 -775 789
151 573 862 872 -416 149 -499
6
299 -21 -571 341 47 -41
-271 227 672 171 -790 58
6
-922 -563 909 -985 -904 -597
717 -763 800 863 993 -919
8
-337 -772 668 -927 576 -984 -962 255
779 618 356 -540 -201 -908 404 513
8
-464 961 -619 627 826 963 966 608
-984 -285 372 265 905 -886 -862 -889
8
705 -415 -485 192 -61 -489 -166 94
395 -265 172 163 240 -472 -372 -322
8
774 910 725 -859 485 -932 757 953
-504 927 854 692 720 -736 -926 -663
8
259 -877 -768 503 490 -939 813 -892
-915 -108 -769 968 521 617 -754 -692
8
-155 712 -606 880 483 198 -40 763
668 505 -212 -337 205 111 -884 -787
4
968 387 -466 -825
-307 -599 784 925
7
773 969 -676 792 214 640 -593
679 -563 72 -823 -237 -612 -691
2
697 754
-350 -623
1
-371
845
6
293 -924 -344 499 781 238
-142 756 840 304 496 -810
2
-523 873
-950 921
5
-776 -304 875 -928 965
468 639 -265 993 -537
7
-744 -406 -562 913 75 437 -853
-684 -979 939 -561 289 719 165
7
-284 -798 -949 875 -429 513 -408
-146 285 -197 436 10 -926 -977
7
-82 696 -91 610 -595 -373 13
-165 -826 814 -440 -50 -673 58
8
11 -406 667 105 -538 -955 -210 564
304 -749 -77 867 -430 910 498 -415
3
-873 -863 -945
220 -998 -831
7
-978 728 -871 -767 670 -445 -937
160 561 -916 -482 -636 625 -489
8
991 -999 -790 -90 680 -480 568 -472
-764 -474 -975 826 -761 870 -978 -838
7
690 -129 -414 615 -972 -484 689
-359 845 53 -931 588 -637 600
5
579 408 258 -552 -402
555 -96 -357 -228 -66
5
999 486 128 502 646
113 217 380 993 941
7
936 324 593 -922 -822 -975 235
907 -706 -660 612 -759 469 -756
5
-987 809 298 792 989
775 893 888 -810 -565
6
-421 -770 568 -171 104 -770
743 -293 -780 972 199 827
4
988 698 -422 -943
904 -935 808 -750
8
826 908 973 -992 753 -693 -324 430
887 -911 965 -530 629 -706 -302 -779
7
3 177 632 278 234 -814 -40
-159 757 -242 -224 642 10 31
8
59 -227 670 984 -916 948 77 581
266 -750 592 -10 535 -695 -316 -27
7
-980 644 -692 -969 -833 -518 894
892 666 849 724 764 -711 274
8
-960 781 -646 388 720 81 -903 911
744 953 -100 -955 646 -960 815 790
6
-730 751 622 -828 -29 -958
642 754 -660 768 -765 -740
7
702 616 -678 141 -717 -758 933
-820 833 -598 454 639 -237 861
3
399 -593 -554
-153 -240 637
4
-823 566 -720 497
-662 -290 -699 -203
7
618 -896 928 -757 -679 816 474
-949 -878 466 925 925 120 978
6
743 -745 -894 655 -868 -881
671 154 -799 782 -837 -909
8
7 -468 504 947 117 -691 800 -853
911 857 282 -929 625 -464 733 -171
7
91 -902 730 769 -663 -867 -226
-595 539 -644 -696 -190 850 989
4
266 37 7 -236
343 305 117 -383
7
94 877 797 -644 807 795 -829
869 -62 -898 -386 777 -998 477
5
33 -989 -491 -75 72
247 -253 -879 434 -105
8
604 -190 954 692 868 -356 -979 882
-640 534 927 -729 134 920 236 -851
6
-809 661 -862 -721 523 798
981 -773 59 -600 937 -784
8
546 -858 916 907 -648 415 -762 -533
-546 946 -630 615 -744 -505 853 -628
8
775 -974 669 -326 331 907 164 950
-703 -655 -440 -914 -34 858 -825 -402
2
498 -149
-218 -106
4
23 -703 -401 766
-350 928 -924 981
8
-117 -666 453 79 -615 206 -415 -504
-879 601 679 354 -353 -413 -930 -299
5
516 718 -265 -21 180
-256 283 126 -22 -11
1
225
256
5
-946 -826 -222 -977 -921
-453 -77 -956 610 -832
8
-280 -703 364 733 276 556 -774 575
-990 562 -497 -922 -326 925 382 234
8
-35 585 770 815 -940 -287 35 403
54 0 199 301 322 -297 -105 832
8
423 787 909 876 -720 816 -358 957
-992 -676 945 -694 929 962 618 988
4
-749 826 393 -562
-568 -713 -467 -984
8
-483 -914 141 995 -838 -584 188 -923
-25 -513 980 -447 -750 63 615 -483
5
-561 67 -467 -761 -383
-281 -626 185 233 -601
7
-828 157 -146 114 -77 469 777
549 426 148 35 131 348 -755
5
288 -285 587 864 975
-166 37 316 -493 -639
1
-964
-456
2
264 88
-717 -357
3
294 -274 -282
-192 -307 475
1
-622
-563
6
639 -219 -681 714 321 -841
-166 630 577 -124 41 309
4
-652 -391 -628 45
665 -985 913 -326
7
-47 -146 1 -909 -325 467 550
249 74 -18 -158 -682 93 90
7
137 151 -149 -939 94 -741 -41
-622 582 678 51 -178 -604 862
7
-880 620 674 618 647 -554 867
-649 -724 995 -611 -427 165 983
8
956 993 766 922 -180 362 553 -896
995 947 -558 -656 -294 131 776 970
5
-385 -974 363 830 -962
-346 368 -535 -739 970
2
-832 892
960 -384
4
789 -839 -142 942
-856 810 -970 966
5
-787 835 829 -937 -475
386 342 597 -999 -802
6
45 -910 388 -851 -320 124
89 357 263 314 337 427
8
-796 732 155 -869 903 848 15 772
102 -443 -187 -900 96 468 868 -25
1
-116
-876
7
-265 989 32 -697 -491 -348 301
-154 194 688 115 -66 212 94
5
-519 995 -789 -736 -309
848 -874 940 -702 778
6
-160 515 -925 556 400 292
483 606 253 -386 671 741
4
-716 950 -857 -994
-828 640 -963 913
8
427 -93 120 146 -22 161 177 -771
511 -3 -128 1000 -444 -566 287 247
4
-159 314 301 -219
497 -802 581 232
5
-555 -735 -698 -840 -929
588 752 295 410 -869
8
-936 973 -721 631 917 -727 -777 421
-706 -933 556 -635 895 -777 987 -835
3
-627 -141 559
-725 336 -251
8
932 -567 -1000 -364 502 554 -795 -903
-651 -487 671 865 -279 914 -831 694
6
777 -731 342 690 546 -785
596 440 -868 -844 851 -831
5
-798 891 869 514 -446
-253 -713 -644 -371 -927
6
968 -319 -148 -890 -608 168
237 -582 -772 -548 817 -50
6
438 -756 370 821 346 17
-376 417 -450 470 624 659
6
-815 433 102 635 503 -730
-981 882 600 -833 331 -846
2
928 -161
110 207
4
52 570 -580 -493
-634 926 -762 131
1
-233
-858
5
429 828 749 724 -990
-118 -957 -850 857 654
7
520 174 970 -783 134 -879 -628
-671 -298 751 577 -769 -494 -962
2
837 -300
182 842
6
-586 703 -439 -531 -682 917
45 26 665 -287 597 -264
7
61 -226 -95 -354 -587 -231 -25
-107 444 -689 9 350 -615 166
2
307 -962
-46 -725
3
659 947 -694
922 964 706
4
640 623 142 -323
-249 862 919 813
2
-153 -144
71 -925
1
-613
-970
8
-735 357 -837 978 819 757 211 -963
623 -107 205 965 709 -903 -455 721
5
292 593 101 855 275
-743 710 -752 -330 45
7
687 752 1000 -332 448 -820 -929
406 729 -691 767 -855 695 898
8
357 -567 591 -571 -553 492 -822 -792
-770 -646 309 -859 432 -816 -515 -695
8
692 66 -974 -801 -551 -897 -227 -465
-811 -670 -874 649 144 -562 127 -724
8
64 855 448 -208 997 592 -255 -634
-579 209 126 215 799 -548 749 736
8
437 -946 -834 -1000 -471 768 -506 887
675 -839 -911 337 -881 -857 -492 468
8
260 174 363 -583 -131 -298 -47 -737
-25 291 -928 -456 -144 921 84 -803
6
161 694 210 -76 655 53
-362 -483 -46 -766 16 241
8
994 146 640 -587 -934 -930 -339 91
-266 1000 -697 -979 494 -714 -436 -861
6
-239 85 300 44 26 959
2 -216 -122 -76 140 49
5
487 148 -358 24 -244
695 625 913 -301 -74
7
540 -950 -984 -471 -966 841 -954
-629 861 22 492 -896 527 -444
6
-328 -929 -528 -498 415 835
-649 -296 970 -825 767 -417
8
239 -740 74 -862 944 554 -616 -698
967 948 -266 -749 -134 -341 291 366
4
-230 414 -936 -322
-936 -460 -783 -182
7
-547 66 -983 580 -203 59 -353
-181 529 -252 732 -640 281 -671
6
462 178 -149 309 750 -199
-398 -364 -295 817 773 755
5
169 -71 334 203 -201
-248 282 -927 120 21
5
-539 692 -659 462 687
-605 -888 -886 -693 -400
7
225 -667 -981 924 753 654 980
846 446 650 741 912 -774 734
6
264 -958 -459 -344 150 358
550 78 -212 99 528 676
1
451
-883
6
-59 420 -909 26 381 -567
-340 101 -62 242 -208 421
8
-15 343 445 -102 707 -911 -843 -649
852 -933 648 -987 625 -848 405 -38
8
212 -314 -944 985 627 460 462 659
910 642 -899 -660 -800 194 402 581
8
516 65 788 398 978 -169 651 332
-368 -237 -275 -978 -827 399 -711 -437
6
-844 521 -150 -530 781 599
337 -594 213 751 -840 -468
8
-933 452 -703 860 906 609 -912 -880
-670 893 571 902 -808 904 -988 682
3
-442 -961 -975
-820 -899 860
7
667 -551 -533 774 -24 225 786
-753 591 55 -956 -401 -213 701
6
863 -594 669 -608 244 -899
759 -931 -769 -871 537 341
5
-24 762 746 908 -906
-990 871 -269 661 554
8
-511 -209 -486 306 -16 926 -34 47
826 -263 258 -56 603 -592 -212 346
4
-866 507 -830 -691
845 589 165 717
8
-431 -952 -671 -960 -985 -474 -694 859
-620 -968 460 845 642 946 -945 -835
7
336 114 478 405 -271 0 -122
676 501 -875 -277 638 -185 -222
7
-438 775 275 578 -820 -825 -704
998 -742 -279 951 115 -611 -829
5
-757 -629 -608 821 286
377 -396 762 708 -371
8
-879 -643 -837 -976 -797 -188 -758 -280
468 435 -994 -853 -807 -436 -701 723
4
-323 782 -109 85
95 -598 -629 556
4
-56 686 -721 216
10 66 -61 -46
3
721 -677 95
-905 -958 -3
7
-981 -656 -971 392 -821 -223 -894
875 -115 -879 388 -60 -321 551
4
147 -226 -236 906
653 -598 29 -453
8
-74 861 -391 840 281 -704 -202 -239
-470 -205 -373 -463 106 -324 531 -116
8
725 990 -475 -906 -355 722 895 384
-576 -481 980 542 -648 837 203 852
7
-398 -992 -847 -996 -567 647 384
-189 187 237 880 993 -541 -457
1
-856
699
5
-632 -409 -477 852 -508
-577 266 -653 216 460
6
724 327 36 -772 400 607
348 -218 -827 822 -855 -911
8
377 -499 761 -944 115 388 -479 -813
894 -908 -831 237 247 -533 675 -849
3
-127 -99 921
-130 -118 748
8
-593 -89 486 730 -783 -268 390 -833
105 578 579 868 -731 696 -174 -645
6
-152 71 -917 -556 -446 -422
-508 -351 630 -164 -811 -870
8
-868 -895 -243 634 -997 -805 -712 -594
-418 230 -718 136 -716 -268 205 -857
4
451 -648 -971 -696
268 31 -811 -986
8
-837 -416 -721 -774 336 679 939 -748
-357 984 -921 535 808 -402 849 976
7
-136 -575 478 298 288 -697 -352
570 -273 15 187 -260 309 210
8
-909 221 547 -609 -291 -428 975 -861
925 -327 415 -219 -355 -205 110 52
7
528 -313 -706 429 714 -440 -618
-513 -424 -415 391 -876 380 968
7
-497 824 -929 345 87 260 -765
-144 428 783 -953 -656 -873 -341
5
50 120 673 128 552
105 446 87 194 175
2
-918 916
-858 -694
6
704 912 -674 -684 -763 518
956 -977 446 -643 387 529
6
-271 -88 420 587 398 180
-770 -238 47 53 379 -84
1
707
-912
2
447 117
725 269
8
170 238 -146 548 171 824 -808 714
-340 86 182 227 684 -340 -716 140
7
-826 958 790 286 -732 731 -803
842 480 -544 -751 440 909 -895
7
-253 -882 517 -871 -873 735 -781
646 -946 567 -370 702 996 882
6
-116 -115 377 -477 348 568
811 822 952 930 10 847
8
129 -571 -484 -708 -557 -471 301 -623
352 678 -693 15 -162 -368 -665 508
5
720 -340 496 893 915
944 -724 -386 983 656
8
786 731 713 -920 -915 -611 -988 -109
-935 985 844 387 776 946 696 -714
8
-829 490 -942 -349 972 -888 -771 605
-875 -952 921 -867 -636 -777 -652 -110
8
-811 761 426 108 39 474 930 977
831 -111 635 6 232 806 -61 -370
8
835 450 5 -396 -756 474 136 482
-1 641 963 -885 -237 698 39 579
8
-996 940 455 535 -477 -885 724 -335
-749 635 -477 -172 334 -575 439 -578
7
828 557 -623 -765 879 -955 -641
667 944 -747 -721 193 -492 -866
5
-252 -654 -478 450 -880
-960 161 -314 -728 -538
6
631 -169 1000 -235 -818 737
-85 -814 808 -324 -958 -982
5
-84 451 426 789 161
-162 47 -139 965 123
8
12 -282 -53 -363 886 -746 -146 205
-150 332 226 151 -606 17 157 140
8
-962 -574 961 946 -450 336 -96 -824
963 -529 808 -308 -725 -552 -243 859
3
-183 -351 313
161 -978 -330
7
513 849 924 -473 935 806 -697
546 783 541 -765 -894 124 -629
8
784 -229 -171 720 -617 -786 30 476
611 907 390 -894 939 600 -691 -836
8
554 405 730 840 -46 431 -297 -68
10 -404 -637 -622 -252 -9 8 -134
2
-855 935
208 -459
5
332 913 873 -672 826
-882 -958 -179 614 771
7
-425 539 -123 576 430 608 196
-950 896 263 -85 -239 246 -732
8
-238 865 -584 -994 578 389 -768 540
-736 693 920 -238 -533 -76 466 -883
7
-749 -424 65 285 -800 70 755
-719 101 -586 149 264 64 327
2
922 -875
920 396
7
-411 373 743 181 -229 -459 -339
453 8 433 780 -88 74 -671
2
-562 -818
702 -927
7
-984 -875 -982 -611 508 -653 -707
831 -575 110 -692 -846 869 982
7
409 -93 -308 330 206 -137 237
-214 -177 -776 -41 -291 -337 -959
6
-60 415 -383 847 -447 692
250 -893 520 807 899 262
5
657 602 -226 981 880
-381 245 -910 -489 -779
2
-690 -334
676 682
2
-378 61
593 -679
3
-573 -811 -905
-795 664 266
6
-865 776 -888 216 -284 996
668 -651 937 475 958 521
4
950 -909 -853 919
-430 987 -297 561
7
-946 -527 999 -602 283 553 391
940 -549 627 480 475 560 -562
8
128 107 -531 -158 -23 -657 0 -147
-954 449 -301 104 -423 502 176 186
7
-104 -42 -10 514 -570 62 -92
-132 -3 962 941 -810 970 208
1
-154
924
6
-351 -989 -227 457 497 -949
-643 -512 231 -232 -834 801
8
-79 -345 130 -842 -417 -224 860 -468
-520 53 870 -592 941 713 66 -178
5
909 -842 -959 -809 -890
-51 643 788 506 -970
7
-511 639 916 130 -857 971 -791
702 -856 -596 327 947 706 717
8
337 -737 972 732 189 974 -18 954
365 332 -904 484 763 626 200 862
7
-471 -929 872 -928 107 -728 -921
381 -507 588 964 -492 824 448
4
-978 -406 -26 388
-808 658 679 303
8
-836 338 135 -266 -523 842 151 -43
-547 -869 -15 336 -404 464 -920 67
5
-942 -826 -603 317 845
540 769 18 895 -551
7
-593 -734 -826 946 -911 -307 940
743 -657 -134 -281 -978 464 -680
7
685 -800 -568 -834 324 617 -692
801 -951 88 -203 -527 727 -513
3
508 662 -316
-982 918 541
6
-165 132 -193 -356 481 -449
109 310 407 156 44 481
5
-687 322 273 -354 419
-856 -974 491 116 912
4
160 -44 505 -620
929 -716 341 859
7
-646 541 971 473 -886 977 35
-985 -783 882 127 -200 -411 -348
7
803 945 -153 -752 807 -642 -502
-836 -833 -981 978 598 -938 325
4
-275 -892 794 364
159 330 -564 170
7
-744 -544 868 -483 -589 590 -148
-921 17 -601 -822 -664 837 603
5
-595 -727 -16 -507 664
-170 858 663 213 539
5
-282 -873 -888 -867 930
595 903 -786 917 472
7
370 -625 -9 771 762 -483 -594
-867 -832 97 -682 884 -574 -206
3
213 469 406
495 -19 -430
7
705 412 -168 60 -189 353 -326
-15 184 843 348 706 52 687
6
-452 826 -889 -963 -725 -792
376 363 -884 427 508 -394
7
675 -359 -250 -538 -189 -614 168
-965 203 663 213 -597 -926 672
8
-484 962 592 -358 695 -874 856 -152
-900 -663 -847 -352 646 -309 -94 -947
8
-138 57 -639 -59 -81 -301 -225 -12
-134 139 -341 -219 -901 -20 452 -16
8
394 -577 422 817 -742 -767 776 -881
482 -779 664 466 895 -418 830 765
6
-666 -482 476 905 -594 448
-862 -440 195 711 267 -303
7
9 165 -458 636 307 124 642
-542 -259 -514 -445 -251 -229 851
6
-903 -444 -713 -60 741 -372
688 377 -789 911 921 944
7
-433 -723 839 -914 -568 936 -942
979 -357 -751 -857 81 -923 630
6
-230 209 7 594 -868 -74
-380 287 -596 -330 -870 649
2
-649 396
484 863
8
-620 -365 897 526 -973 -128 -944 -543
760 -640 -818 856 -998 641 -606 -494
7
963 970 -430 -743 970 895 -744
707 -292 -679 768 871 -772 894
2
-481 -453
-695 -837
8
-316 -289 358 -333 191 -553 -13 192
-437 810 767 153 154 43 839 546
6
-220 -639 909 -726 25 292
-525 -985 -484 -968 957 810
7
985 295 -858 -225 -889 -947 -995
922 913 825 -914 -928 -777 -768
8
-634 -951 -786 -739 -675 308 -994 8
92 -773 674 903 -226 558 749 207
7
-924 704 -915 -739 -214 -699 -976
839 -604 600 400 -885 -655 706
5
-197 -431 -388 718 -780
-430 -563 787 -579 -796
6
-260 575 232 -546 154 28
644 851 176 -278 954 305
6
250 -149 -973 -716 -676 -433
-717 -469 -211 968 -792 -423
8
-373 -580 150 391 258 11 799 834
-118 359 141 117 17 924 -198 326
7
651 718 790 -897 -236 47 -909
739 113 811 526 -921 801 941
8
980 -522 544 920 -524 -853 941 821
723 -851 834 783 -400 822 -755 -853
7
60 -326 122 303 -30 454 63
-223 -153 -356 -320 -348 -532 271
5
-683 437 172 -710 -953
-644 -15 937 -750 624
7
-446 -727 -364 736 909 492 752
-950 91 -650 -659 593 -598 792
4
-210 996 -447 807
-967 -501 -230 -683
3
791 771 -630
805 865 992
6
-770 -568 468 322 -827 963
-403 874 743 -744 -667 -923
8
-181 -276 50 -558 30 88 175 718
435 118 -291 239 -428 235 901 -179
6
-859 521 793 919 -769 266
-947 771 -723 -678 505 365
3
-737 438 -28
-109 406 -20
6
-966 -263 737 134 -760 115
21 -56 145 248 130 -406
7
835 689 -199 137 422 57 392
-156 95 -11 152 965 -646 -803
8
692 764 -722 917 -211 -53 785 -702
965 731 -237 368 -638 -470 -575 858
6
761 821 991 444 998 -767
830 918 798 -517 352 -471
2
-38 -593
16 -594
6
-243 -175 -698 -187 236 -250
-677 -521 -1 -683 -291 -871
3
876 761 310
631 -51 -770
6
274 -210 323 784 752 962
771 382 -843 -840 -541 711
8
301 500 -35 -873 784 843 688 663
620 235 379 -283 915 -707 -556 467
7
-415 684 -362 -514 -899 -836 -677
766 -959 521 753 -337 -267 -674
7
531 -994 -318 930 -947 504 -902
-905 -843 -281 896 -731 976 -741
7
927 -247 878 -860 -948 460 743
904 586 -578 -938 973 -917 -380
5
-497 -475 -621 337 -748
-268 548 -815 888 -179
4
141 546 304 135
336 -394 -217 622
1
-720
301
8
-948 -666 495 -632 825 -406 428 -805
540 742 -724 665 -802 641 875 -898
5
634 -691 -931 -888 700
-605 -588 961 81 -581
8
-873 -133 804 314 269 109 -82 577
783 -282 115 492 -875 28 391 77
1
-988
-583
8
82 -709 -269 457 65 -730 -197 -57
544 686 -716 -93 212 217 507 -553
4
-890 -945 -303 216
632 -574 -663 846
1
-547
376
5
869 251 587 49 -361
-803 -733 916 -805 -988
8
-575 -783 811 -558 -875 -853 489 124
846 -973 643 772 -106 -203 -413 -717
6
-663 587 252 250 -724 850
-538 392 257 383 817 774
8
217 -794 -321 -246 701 -208 -923 843
-797 -535 926 904 -237 923 732 -699
7
117 -395 -338 438 262 89 99
-892 -293 93 -178 386 100 358
8
627 -238 912 294 338 -360 936 -801
511 -154 609 -572 947 150 -792 -990
7
559 896 109 -711 -115 881 -308
321 2 -927 -294 -197 -560 341
7
-659 351 370 877 479 -183 -485
863 -662 744 -611 -360 -765 113
2
661 565
934 578
3
-668 -448 767
-870 92 -547
7
-936 -885 -991 -827 -276 -770 -590
429 167 667 462 -815 780 -884
8
-35 -791 678 666 -623 576 987 992
-828 713 747 -614 720 998 871 -401
8
816 476 -880 996 578 -833 -913 -963
-887 857 746 626 802 -207 984 -405
1
-198
-943
2
185 968
878 -929
8
-85 -936 98 -941 812 -357 508 725
-759 -672 -966 627 909 -373 395 -596
8
915 811 -889 -538 821 564 987 -967
769 -728 390 -644 21 -642 -961 976
7
943 660 -893 92 612 731 -840
844 -879 393 -524 563 -944 -385
2
-846 -809
180 589
2
-136 -148
64 -947
6
372 -582 401 948 -971 371
605 -63 447 502 -808 -860
4
-181 -423 51 -277
929 -810 370 -374
8
282 505 -586 -547 560 964 -708 462
-692 -974 -609 -834 -609 -720 304 401
5
417 -914 327 995 -580
234 -354 -301 162 -280
6
905 -16 234 -757 -838 448
-970 737 701 -719 948 498
8
-298 -581 835 -265 -319 -846 497 -985
-926 290 -491 -972 771 -806 -899 -398
8
962 452 -544 938 904 967 -752 996
833 -938 527 -856 743 540 -965 -738
6
-737 -192 261 547 735 -889
-667 -691 -927 -465 -221 -659
6
-770 -639 -121 719 306 825
253 -971 -934 -897 492 782
8
-330 -574 609 -395 -513 132 -301 471
120 -380 82 -30 -501 -216 -164 -278
6
840 -303 -811 959 -918 -836
-673 645 -449 -929 444 -896
8
-579 441 -738 -757 -948 -355 142 477
753 797 -990 -915 257 456 -859 -125
6
683 -997 713 -787 833 209
714 -529 -525 142 -571 -373
7
-946 -335 -700 757 -258 -380 -941
-940 641 769 837 550 -505 382
8
987 -547 -948 -994 707 705 -795 963
-922 773 530 -549 813 -539 922 -136
3
730 -271 -342
682 -226 845
7
-143 -947 969 872 490 644 -737
-718 472 -917 -353 -870 -569 553
