9
3 9 26
1 1 1 100 100 1 1 1 1 1 1 1 1 1 1 1 1 10 11 11 11 11 1 1 1 100
10 8 62
594795 772579 955049 451053 339135 685721 28484 161973 514425 254411 765203 157185 249013 518807 162367 141547 433209 313817 63886 204942 875551 518708 661833 398592 731294 357884 888819 883304 955751 59006 453557 66897 347937 408605 517949 687071 94325 546433 365395 125101 317195 646950 798638 82559 165756 961004 224105 598964 791173 287991 320257 666723 323050 982089 65315 54343 856324 470485 937646 328427 529491 907555
10 10 77
64718 645608 10427 751143 615524 212884 264017 502677 795125 67376 676228 37650 489528 698011 662657 196423 962470 578759 922432 482903 342980 931461 313174 721174 772634 614385 132144 780394 297705 252325 634022 362422 897932 644448 629917 513455 373683 893933 532483 168807 961308 725062 722809 967187 939424 901817 163609 901893 480575 602392 384795 339907 50205 214321 577432 822838 828705 225927 603231 126409 478251 237252 5183 376182 398051 635099 405988 771733 45383 454822 456892 523042 696235 179700 490228 152010 597868
3 2 6
8 2 5 2 4 9
10 9 30
291652 844281 632617 406967 635453 920607 727224 818527 243656 225664 883841 814350 81988 870678 268348 926766 916520 175902 322088 310298 8412 751711 907498 451599 244118 870093 19887 53719 995989 386811
10 9 38
770047 143932 102442 331881 382483 284744 726325 774743 502763 255975 364473 766668 309838 97621 315793 438236 32776 166587 382111 676508 329517 381397 41779 156799 686426 453565 202458 996522 887154 582242 803360 173552 726174 422153 505432 625008 706896 748108
10 10 10
4082 764222 492678 830272 861843 324822 784859 410970 7760 683321
10 11 63
942584 83045 491675 831007 430022 798863 709026 958052 853995 832611 153711 552070 618855 681118 529534 40565 143420 285220 41832 685655 785319 815477 708578 828488 539061 688835 631648 305743 46516 218378 488716 505452 817774 496742 336458 764148 295604 561835 722199 665951 394445 875909 218020 13299 73378 747554 53864 733149 549125 612047 935156 334443 943875 643733 162931 482935 848919 310930 788678 411787 45660 793745 917238
10 3 9
316159 913272 597201 926836 976056 962596 568288 809602 609545
