100
3 1 5 15 13 11
3 0 8 23 22 21
2 2 7 27 13
3 0 10 15 12 16
3 1 5 11 11 1
3 3 5 15 8 8
1 0 3 25
2 2 4 13 27
1 0 10 26
2 0 5 6 4
2 0 2 18 3
2 2 3 7 3
1 0 1 29
2 0 4 3 17
1 0 4 8
2 0 4 8 21
2 0 0 0 0
1 0 10 30
3 3 5 26 17 5
1 0 1 4
3 0 10 27 27 29
3 0 3 5 5 20
2 0 3 19 3
1 1 6 20
2 1 9 23 24
1 0 9 23
1 0 4 8
1 0 2 3
1 0 9 18
3 1 9 23 23 2
2 1 1 0 18
1 1 10 25
3 0 6 15 15 14
3 0 4 24 24 25
2 0 3 5 6
3 3 9 16 14 5
1 0 3 23
1 0 7 17
3 3 6 6 26 17
2 0 8 9 21
3 0 10 18 26 25
1 1 3 18
2 0 7 3 20
2 0 9 1 14
3 1 9 11 15 28
3 3 7 23 12 12
3 0 4 8 9 8
1 0 8 21
1 0 1 0
1 0 9 23
2 2 5 15 9
2 0 0 30 30
2 2 3 15 13
2 1 6 11 17
1 0 3 6
3 0 3 5 12 13
1 1 3 20
1 1 2 21
1 0 2 5
3 3 0 5 16 27
3 0 7 17 17 8
2 2 5 7 13
3 2 2 3 3 3
2 1 6 2 10
2 0 1 29 3
2 0 5 3 29
2 0 7 0 18
1 1 7 15
1 0 4 9
1 0 7 20
3 0 9 19 27 28
2 1 5 11 11
1 0 7 21
1 1 4 18
3 3 10 17 14 4
1 0 3 6
2 0 7 17 27
1 0 10 26
3 0 10 8 26 26
1 1 3 27
2 1 5 23 26
3 2 6 22 0 6
2 1 6 1 17
3 0 8 1 12 0
3 3 10 2 6 6
3 3 2 7 21 19
1 0 6 14
1 1 2 4
1 0 8 21
1 0 8 21
2 2 9 26 21
1 0 3 6
3 0 10 11 19 27
1 1 9 19
3 3 5 21 12 28
1 1 0 6
1 1 3 9
2 2 10 21 14
3 1 4 29 18 1
3 0 5 30 16 20
